5
1577
41
2 661 0 1206 1
263 533 0 282 0 292 0 218 0 158 0 137 0 152 0 1564 0 1472 0 1056 0 723 0 1046 0 43 0 435 0 1346 0 807 0 343 0 999 0 531 0 1301 0 959 0 1356 0 1441 0 979 0 207 0 495 0 585 0 1062 0 897 0 1386 0 1503 0 798 0 268 0 38 0 1207 0 175 0 823 0 57 0 530 0 1509 0 620 0 1023 0 1542 0 1454 0 727 0 920 0 1457 0 1479 0 1093 0 130 0 247 0 429 0 872 0 243 0 124 0 150 0 1265 0 320 0 133 0 361 0 1051 0 1529 0 313 0 344 0 135 0 488 0 836 0 1345 0 553 0 1439 0 1524 0 1341 0 377 0 1161 0 1363 1 301 0 1473 0 986 0 1122 0 211 0 180 0 808 0 725 0 1325 0 591 0 1235 0 113 0 1279 0 848 0 13 0 341 0 975 0 1049 0 855 0 1536 0 476 0 1187 0 1121 0 404 0 1478 0 400 0 817 0 795 0 870 0 1128 0 1474 0 1095 0 456 0 383 0 528 0 526 0 794 0 1394 0 6 0 151 0 249 0 279 0 851 0 573 0 561 0 1429 0 321 0 1375 0 586 0 407 0 683 0 1294 0 430 0 431 0 1152 0 317 0 545 0 678 0 1137 0 613 0 322 0 441 0 24 0 516 0 1540 0 564 0 1070 0 107 0 1549 0 547 0 443 0 881 0 675 0 1239 0 490 0 1335 0 651 0 893 0 552 0 929 0 1215 0 696 0 806 0 942 0 1368 0 863 0 1392 0 208 0 392 0 1024 0 162 0 86 0 1222 0 311 0 432 0 501 0 898 0 777 0 781 0 327 0 814 0 679 0 905 0 1464 0 1433 0 82 0 811 0 618 0 1471 0 1560 0 1320 0 56 0 1204 0 1257 0 324 0 184 0 1091 0 578 0 1302 0 1563 0 374 0 933 0 513 0 1393 0 713 0 987 0 1205 0 815 0 1170 0 1545 0 1418 0 684 0 1135 0 841 0 10 0 333 0 379 0 155 0 241 0 1038 0 1492 0 163 0 927 0 549 0 125 0 838 0 995 0 1078 0 63 0 197 0 468 0 734 0 575 0 381 0 1230 0 589 0 1017 0 650 0 1530 0 1210 0 314 0 1519 0 525 0 1069 0 437 0 1148 0 494 0 99 0 665 0 395 0 1123 0 1131 0 753 0 136 0 1244 0 574 0 1174 0 594 0 736 0 759 0 1061 0 141 0 182 0 1523 0 992 0 1426 0 284 0 946 0
1 213 1
1 1363 1
1 788 1
2 382 1 576 0
1 1107 1
1 1266 1
1 1480 1
5 497 0 58 0 972 0 1348 0 661 1
1 351 1
3 479 0 576 1 972 0
16 638 0 1024 0 196 0 367 0 1174 0 302 0 361 0 160 0 1063 0 1417 0 398 0 921 0 1190 0 671 0 1128 0 776 0
3 332 0 230 1 382 0
1 497 1
1 972 1
2 299 1 1266 0
1 1225 1
1 535 1
1 515 1
2 1363 0 514 1
1 1282 1
1 332 1
241 1027 0 1161 0 1001 0 1410 0 481 0 937 0 321 0 955 0 1 0 530 0 330 0 12 0 578 0 13 0 962 0 92 0 367 0 1535 0 1354 0 818 0 620 0 784 0 38 0 1164 0 791 0 662 0 1029 0 416 0 1347 0 491 0 561 0 400 0 503 0 206 0 1208 0 1270 0 1007 0 963 0 1268 0 1292 0 511 0 274 0 997 0 712 0 769 0 470 0 179 0 1381 0 3 0 1170 0 242 0 93 0 920 0 848 0 248 0 973 0 153 0 1307 0 785 0 1019 0 402 0 467 0 622 0 1342 0 1432 0 352 0 653 0 1052 0 1326 0 1452 0 938 0 590 0 660 0 585 0 423 0 1082 0 841 0 148 0 891 0 1165 0 968 0 1254 0 127 0 1008 0 970 0 823 0 555 0 1118 0 704 0 1555 0 559 0 1287 0 152 0 1302 0 329 0 247 0 518 0 1198 0 1159 0 763 0 289 0 1051 0 1085 0 1529 0 1163 0 1183 0 1539 0 1034 0 1497 0 1453 0 1508 0 1053 0 711 0 1125 0 1386 0 754 0 39 0 1463 0 563 0 674 0 675 0 894 0 1500 0 338 0 761 0 1256 0 1502 0 672 0 1056 0 1141 0 870 0 275 0 869 0 655 0 1576 0 97 0 1422 0 767 0 187 0 1203 0 1012 0 1146 0 55 0 1179 0 107 0 778 0 1557 0 254 0 906 0 703 0 1493 0 1172 0 234 0 1331 0 334 0 403 0 1513 0 1097 0 1459 0 383 0 1311 0 873 1 657 0 1435 0 106 0 1469 0 1067 0 744 0 1305 0 1339 0 1335 0 1436 0 1073 0 488 0 1155 0 892 0 789 0 504 0 1130 0 985 0 800 0 214 0 1135 0 57 0 935 0 1048 0 1222 0 452 0 960 0 457 0 782 0 710 0 1564 0 24 0 197 0 1205 0 893 0 1423 0 189 0 236 0 279 0 586 0 1171 0 834 0 1293 0 669 0 719 0 1442 0 580 0 239 0 1214 0 1199 0 501 0 1184 0 268 0 795 0 1398 0 1334 0 327 0 5 0 1196 0 258 0 1089 0 312 0 509 0 609 0 812 0 1237 0 549 0 810 0 1505 0 1042 0 961 0 144 0 781 0 548 0 1018 0 959 0 673 0 811 0 175 0
80 1485 0 1529 0 812 0 1235 0 658 0 1137 0 1486 0 834 0 1435 0 225 0 427 0 335 0 925 0 202 0 122 0 790 0 921 0 167 0 150 0 1002 0 1321 0 86 0 637 0 361 0 597 0 1461 0 92 0 770 0 429 0 749 0 1115 0 219 0 339 0 564 0 158 0 1282 1 939 0 629 0 336 0 933 0 1042 0 842 0 114 0 62 0 613 0 1387 0 259 0 1283 0 477 0 1357 0 767 0 392 0 683 0 196 0 1254 0 648 0 517 0 270 0 422 0 1184 0 21 0 830 0 400 0 284 0 501 0 124 0 768 0 1339 0 387 0 1014 0 854 0 1373 0 249 0 1053 0 241 0 1391 0 1568 0 1273 0 498 0 1259 0
126 741 0 1235 0 1511 0 649 0 740 0 789 0 1268 0 439 0 306 0 1433 0 1089 0 1316 0 920 0 1463 0 610 0 1365 0 1130 0 343 0 226 0 590 0 466 0 1131 0 1250 0 670 0 1438 0 1441 0 83 0 457 0 1273 0 756 0 1230 0 353 0 928 0 4 0 454 0 1429 0 1531 0 264 0 1210 0 1035 0 536 0 8 0 1471 0 1172 0 301 0 1044 0 392 0 63 0 1449 0 235 0 544 0 816 0 68 0 1243 0 154 0 1529 0 337 0 217 0 521 0 1006 0 1292 0 416 0 1493 0 200 0 1550 0 684 0 1457 0 1330 0 485 0 1195 0 255 0 50 0 1472 0 769 0 765 0 790 0 1460 0 869 0 32 0 1477 0 1489 0 777 0 1372 0 321 0 860 0 87 0 1554 0 1206 1 33 0 637 0 447 0 300 0 1447 0 644 0 388 0 428 0 680 0 553 0 1534 0 89 0 1353 0 752 0 1378 0 1552 0 105 0 776 0 1100 0 330 0 571 0 1296 0 1193 0 1448 0 225 0 1467 0 1030 0 939 0 373 0 1322 0 438 0 562 0 1542 0 868 0 231 0 1121 0 443 0 1246 0
2 35 1 1225 0
2 825 0 1383 1
3 1363 0 1282 0 1348 1
6 58 0 299 0 366 1 515 0 1206 0 230 0
5 351 0 140 1 35 0 1225 0 58 0
11 1225 0 299 0 1383 0 450 1 1282 0 35 0 535 0 825 0 661 0 134 0 972 0
19 450 0 1480 0 1107 0 299 0 1266 0 351 0 535 0 1282 0 98 0 873 0 140 0 366 0 382 0 378 1 661 0 58 0 1383 0 497 0 972 0
2 351 0 825 1
2 1173 1 1383 0
2 873 1 1266 0
1 134 1
77 381 0 119 0 277 0 398 0 728 0 144 0 950 0 1491 0 1352 0 658 0 1345 0 615 0 1067 0 1536 0 1382 0 280 0 919 0 117 0 1282 1 1482 0 976 0 1201 0 308 0 793 0 1155 0 484 0 170 0 729 0 1393 0 438 0 150 0 412 0 1283 0 1462 0 557 0 457 0 1037 0 502 0 1078 0 1545 0 704 0 258 0 646 0 880 0 1122 0 1245 0 710 0 794 0 393 0 720 0 10 0 1377 0 318 0 979 0 638 0 1074 0 1453 0 238 0 1126 0 1134 0 618 0 886 0 1147 0 428 0 679 0 1564 0 464 0 1073 0 315 0 1369 0 1530 0 1082 0 752 0 1042 0 594 0 1278 0 1523 0
1 98 1
1 479 1
1 58 1
40
40
34 17 0 24 0 39 0 18 0 36 0 23 0 5 0 8 0 3 0 27 0 6 0 11 0 9 0 40 0 2 0 31 0 21 0 34 0 33 0 7 0 28 1 10 0 16 0 26 0 38 0 4 0 12 0 14 0 22 0 1 0 25 0 32 0 29 0 37 0
10 9 0 38 0 39 0 17 0 16 0 25 0 7 0 10 0 33 1 26 0
6 9 0 17 0 39 1 7 0 16 0 38 0
1 17 1
8 10 1 39 0 9 0 16 0 7 0 26 0 38 0 17 0
5 38 0 16 1 9 0 17 0 7 0
40 34 0 22 0 25 0 5 0 30 0 19 0 3 0 4 0 32 0 16 0 12 0 18 0 35 0 36 0 1 0 14 0 24 0 29 0 26 0 38 0 15 0 20 1 6 0 21 0 40 0 11 0 39 0 23 0 17 0 33 0 13 0 9 0 2 0 8 0 37 0 31 0 27 0 7 0 28 0 10 0
35 22 0 37 0 40 0 6 0 7 0 28 0 3 0 11 0 12 0 14 0 34 0 10 0 32 0 2 0 26 0 18 0 27 0 15 1 1 0 29 0 31 0 16 0 17 0 36 0 24 0 4 0 5 0 23 0 39 0 25 0 33 0 21 0 8 0 9 0 38 0
38 18 0 36 0 12 0 21 0 8 0 14 0 35 1 13 0 38 0 32 0 34 0 19 0 29 0 6 0 3 0 10 0 24 0 15 0 39 0 11 0 27 0 31 0 22 0 25 0 37 0 1 0 33 0 2 0 9 0 28 0 16 0 7 0 23 0 17 0 40 0 26 0 5 0 4 0
7 26 1 16 0 17 0 9 0 38 0 39 0 7 0
37 29 0 15 0 4 0 26 0 9 0 34 0 25 0 17 0 3 0 14 0 5 0 6 0 23 0 22 0 38 0 24 0 40 0 27 0 16 0 33 0 21 0 18 0 13 0 32 0 10 0 2 0 28 0 12 0 31 0 37 0 36 0 8 0 7 0 11 0 39 0 1 0 19 1
20 7 0 8 0 9 0 16 0 10 0 17 0 25 0 33 0 34 0 6 0 2 0 1 0 21 0 14 0 39 0 32 0 22 0 26 0 38 0 29 1
14 14 1 16 0 17 0 9 0 26 0 39 0 7 0 33 0 10 0 38 0 21 0 25 0 34 0 2 0
23 6 0 9 0 14 0 26 0 8 0 12 0 25 0 39 0 7 0 1 0 16 0 22 0 38 0 21 0 32 0 33 0 10 0 29 0 34 0 2 0 17 0 27 1 3 0
13 39 0 26 0 38 0 9 0 34 0 7 0 2 1 10 0 17 0 21 0 33 0 25 0 16 0
17 39 0 32 1 17 0 7 0 2 0 22 0 33 0 8 0 10 0 26 0 34 0 9 0 21 0 14 0 38 0 16 0 25 0
27 37 1 29 0 1 0 25 0 10 0 40 0 21 0 14 0 33 0 9 0 8 0 34 0 18 0 39 0 2 0 27 0 22 0 3 0 38 0 24 0 16 0 32 0 6 0 17 0 7 0 12 0 26 0
11 17 0 33 0 34 1 10 0 25 0 38 0 9 0 26 0 39 0 16 0 7 0
24 38 0 32 0 33 0 17 0 21 0 1 0 3 0 9 0 26 0 25 0 27 0 29 0 12 0 16 0 2 0 22 0 8 0 6 0 34 0 7 0 14 0 39 0 18 1 10 0
28 26 0 27 0 22 0 2 0 6 0 38 0 7 0 37 0 24 0 9 0 40 0 34 0 1 0 18 0 29 0 16 0 21 0 39 0 14 0 3 0 32 0 25 0 12 0 8 0 17 0 10 0 33 0 23 1
4 38 0 7 0 9 1 17 0
39 19 0 39 0 17 0 1 0 12 0 33 0 37 0 5 0 16 0 30 1 14 0 26 0 28 0 10 0 13 0 22 0 36 0 2 0 3 0 32 0 11 0 27 0 25 0 21 0 6 0 23 0 40 0 38 0 15 0 4 0 24 0 29 0 7 0 18 0 35 0 34 0 31 0 8 0 9 0
15 8 1 25 0 21 0 34 0 38 0 26 0 10 0 7 0 2 0 33 0 9 0 16 0 39 0 14 0 17 0
12 25 0 21 1 7 0 33 0 38 0 10 0 16 0 34 0 39 0 17 0 9 0 26 0
29 27 0 14 0 33 0 9 0 39 0 40 0 21 0 24 0 37 0 38 0 32 0 23 0 1 0 10 0 2 0 7 0 16 0 25 0 3 0 8 0 18 0 11 1 12 0 29 0 26 0 6 0 34 0 17 0 22 0
19 1 1 39 0 7 0 6 0 16 0 38 0 32 0 26 0 8 0 2 0 21 0 34 0 33 0 22 0 14 0 9 0 10 0 25 0 17 0
21 22 0 32 0 2 0 16 0 25 0 38 0 26 0 29 0 3 1 7 0 34 0 9 0 6 0 33 0 39 0 10 0 17 0 14 0 21 0 8 0 1 0
2 38 1 17 0
26 16 0 27 0 9 0 2 0 18 0 33 0 39 0 26 0 38 0 12 0 6 0 32 0 10 0 25 0 3 0 24 0 34 0 7 0 29 0 1 0 14 0 17 0 21 0 40 1 22 0 8 0
31 21 0 24 0 12 0 29 0 16 0 5 1 6 0 38 0 17 0 18 0 2 0 25 0 27 0 7 0 26 0 8 0 40 0 32 0 11 0 22 0 3 0 23 0 34 0 37 0 4 0 10 0 9 0 1 0 39 0 33 0 14 0
22 29 0 14 0 38 0 34 0 9 0 1 0 22 0 12 1 25 0 32 0 7 0 16 0 26 0 8 0 33 0 17 0 6 0 21 0 2 0 3 0 10 0 39 0
18 38 0 14 0 22 0 6 1 9 0 7 0 17 0 39 0 16 0 26 0 10 0 25 0 33 0 8 0 32 0 21 0 34 0 2 0
33 11 0 39 0 37 0 40 0 14 0 25 0 3 0 17 0 33 0 9 0 10 0 4 0 12 0 23 0 6 0 2 0 26 0 1 0 21 0 7 0 24 0 18 0 31 0 16 0 22 0 27 0 5 0 34 0 32 0 8 0 36 1 29 0 38 0
36 4 0 31 0 14 0 37 0 24 0 11 0 39 0 12 0 5 0 36 0 7 0 40 0 34 0 22 0 29 0 10 0 23 0 21 0 38 0 1 0 3 0 17 0 18 0 33 0 13 1 8 0 6 0 32 0 25 0 9 0 16 0 2 0 26 0 27 0 28 0 15 0
9 7 0 16 0 17 0 25 1 39 0 26 0 9 0 10 0 38 0
30 17 0 14 0 12 0 34 0 33 0 37 0 32 0 24 0 39 0 11 0 40 0 22 0 23 0 21 0 6 0 16 0 8 0 27 0 38 0 1 0 7 0 2 0 29 0 10 0 26 0 25 0 3 0 4 1 18 0 9 0
32 38 0 18 0 10 0 11 0 1 0 23 0 37 0 40 0 8 0 29 0 32 0 24 0 14 0 5 0 21 0 4 0 2 0 33 0 17 0 3 0 6 0 31 1 26 0 34 0 12 0 7 0 16 0 27 0 22 0 39 0 9 0 25 0
25 26 0 3 0 18 0 8 0 27 0 17 0 6 0 10 0 9 0 21 0 1 0 16 0 39 0 33 0 2 0 29 0 14 0 38 0 25 0 32 0 22 0 12 0 24 1 7 0 34 0
3 7 1 17 0 38 0
16 26 0 22 1 33 0 34 0 14 0 21 0 38 0 2 0 10 0 8 0 9 0 16 0 39 0 7 0 17 0 25 0
1325
287
7 712 1 467 0 621 0 1107 0 356 0 414 0 1179 0
2 686 1 484 0
1 644 1
4 313 1 548 0 553 0 924 0
1 623 1
2 459 0 1221 1
1 290 1
73 449 0 607 0 918 0 388 0 931 0 231 0 704 0 683 0 1274 0 1317 0 398 0 375 0 587 0 849 0 846 0 1084 0 1045 0 1065 0 916 0 1186 0 203 0 219 0 492 0 1224 0 294 0 994 0 157 0 990 0 1058 0 641 0 8 0 1089 0 452 0 378 0 744 0 861 0 1303 0 810 0 906 0 1253 0 436 0 415 0 549 0 940 0 77 0 718 0 43 0 546 0 350 0 429 0 25 0 326 0 12 0 319 0 726 0 255 0 1200 1 812 0 954 0 193 0 684 0 1325 0 2 0 1307 0 472 0 1053 0 1142 0 1072 0 402 0 269 0 742 0 867 0 19 0
1 670 1
1 1258 1
5 540 1 1244 0 298 0 889 0 1121 0
2 63 1 680 0
2 1130 1 1206 0
1 1181 1
1 1124 1
45 454 0 962 0 304 0 991 0 238 0 353 0 923 0 1286 0 376 0 319 0 639 0 28 0 1094 0 638 0 799 0 163 0 831 0 1257 0 451 0 1006 0 453 0 918 0 958 0 1009 0 128 0 1291 0 565 0 1 0 940 0 279 0 130 0 699 0 598 0 1323 0 373 0 1122 0 348 0 75 0 166 0 1261 0 229 0 667 0 1320 0 492 0 29 1
2 1200 0 153 1
5 217 1 809 0 172 0 355 0 1034 0
7 1190 0 80 0 951 0 1156 0 854 1 882 0 257 0
33 1251 0 82 0 616 0 1057 0 545 1 26 0 987 0 634 0 1237 0 403 0 863 0 998 0 386 0 171 0 1114 0 1123 0 95 0 141 0 1063 0 10 0 346 0 146 0 533 0 267 0 41 0 1195 0 1033 0 923 0 1136 0 1191 0 35 0 1187 0 144 0
3 291 1 188 0 406 0
2 381 1 279 0
1 1119 0
5 623 0 291 0 1258 0 572 0 672 1
3 631 0 731 1 779 0
12 71 0 963 0 85 0 504 0 950 0 372 0 901 0 122 0 221 0 689 0 117 0 1213 1
7 675 0 514 1 201 0 1165 0 686 0 1306 0 291 0
1 117 1
1 978 1
4 201 0 186 0 458 1 1221 0
1 174 1
2 221 1 564 0
2 455 1 950 0
1 553 1
10 790 0 39 0 358 0 859 0 574 0 1183 1 189 0 1002 0 727 0 1095 0
23 130 0 957 0 362 0 178 0 512 0 1064 0 884 0 1073 0 1242 0 1285 0 665 0 1243 0 37 0 1190 0 361 0 464 0 46 0 1063 0 605 0 230 0 488 0 363 0 31 0
3 358 1 188 0 1158 0
9 1151 0 366 0 1242 0 296 0 869 0 233 0 215 0 418 0 762 1
4 1231 0 407 1 1200 0 772 0
5 103 0 1209 0 1158 1 680 0 772 0
1 1095 1
14 914 0 435 0 415 0 894 0 498 0 1262 1 1035 0 652 0 161 0 309 0 146 0 1184 0 719 0 607 0
2 29 0 1088 1
2 1026 0 97 0
2 136 0 1244 1
5 470 0 397 0 1094 0 873 0 960 0
27 1043 0 298 1 749 0 1101 0 176 0 476 0 714 0 284 0 138 0 329 0 178 0 449 0 387 0 271 0 1169 0 1108 0 838 0 907 0 801 0 671 0 1047 0 10 0 1186 0 782 0 619 0 1074 0 399 0
1 522 1
1 1005 1
2 1121 0 1302 1
2 847 1 670 0
6 266 0 748 1 623 0 889 0 1143 0 210 0
1 195 1
3 494 0 372 1 1091 0
2 439 1 51 0
44 1140 0 1057 0 597 0 883 0 1293 0 841 0 785 0 321 0 1071 0 682 0 985 0 399 0 780 0 173 0 21 0 107 1 1151 0 1037 0 223 0 525 0 526 0 1260 0 111 0 143 0 533 0 666 0 411 0 1176 0 749 0 607 0 208 0 363 0 382 0 171 0 109 0 45 0 671 0 1237 0 898 0 204 0 1113 0 888 0 468 0 410 0
1 732 1
1 56 1
1 772 1
1 920 1
1 676 1
2 1174 0 86 1
1 582 1
13 1217 0 491 0 261 0 1103 0 1138 0 53 0 791 0 504 0 1181 0 1163 0 71 0 999 1 458 0
1 924 1
3 1139 0 51 1 1062 0
1 270 1
1 222 1
1 631 1
6 207 0 318 0 129 0 209 1 1218 0 1086 0
1 1199 1
1 981 1
1 36 1
1 298 1
1 796 1
2 117 0 217 1
1 99 1
1 1137 1
6 924 0 1040 0 545 0 1208 1 381 0 788 0
1 576 1
1 189 1
1 992 1
2 1078 1 929 0
3 1231 0 1121 1 149 0
4 189 0 76 0 494 1 1158 0
3 992 0 675 0 808 1
12 637 0 16 0 1273 0 1081 0 943 0 1108 0 176 0 1254 1 240 0 965 0 1027 0 605 0
2 381 0 491 1
35 558 1 896 0 595 0 1113 0 503 0 903 0 723 0 1166 0 573 0 70 0 1299 0 641 0 1129 0 496 0 1159 0 506 0 7 0 776 0 566 0 370 0 907 0 1291 0 828 0 510 0 463 0 1026 0 956 0 1284 0 87 0 213 0 395 0 169 0 274 0 164 0 1003 0
9 434 0 184 0 607 0 1157 0 197 0 937 0 141 0 1205 0 326 0
5 1164 1 521 0 1281 0 732 0 1092 0
8 1006 0 338 0 498 0 45 0 686 1 1194 0 306 0 1127 0
1 1139 1
1 740 1
20 652 0 953 0 227 0 1087 0 1069 0 386 0 949 0 769 0 1209 1 657 0 976 0 892 0 97 0 383 0 956 0 543 0 836 0 1071 0 825 0 469 0
2 582 0 763 1
1 459 1
6 1174 1 226 0 683 0 230 0 638 0 393 0
1 137 1
1 1225 1
60 478 0 818 0 968 0 280 0 83 0 632 0 955 0 846 0 935 0 664 0 684 0 101 0 691 0 480 0 652 0 923 0 679 0 1290 0 1120 0 61 0 816 0 1076 0 1322 0 268 0 1102 0 168 0 607 0 725 0 662 0 1007 0 220 0 161 0 1270 0 409 0 199 0 1085 0 567 0 453 0 412 0 84 0 206 0 20 0 839 0 887 0 1074 0 1011 0 1231 1 1211 0 500 0 971 0 397 0 181 0 334 0 190 0 885 0 341 0 642 0 24 0 328 0 918 0
1 929 1
1 1091 1
1 548 1
3 825 0 1173 0 1229 0
1 778 1
1 1143 1
15 1075 1 87 0 287 0 1113 0 602 0 448 0 833 0 367 0 886 0 872 0 627 0 1177 0 375 0 151 0 158 0
1 531 1
6 850 0 238 0 1055 0 656 0 929 1 273 0
1 779 1
9 841 0 315 0 898 0 429 0 310 0 815 0 41 0 694 0 11 0
4 670 0 1139 0 1178 0 677 1
4 51 0 576 0 1075 1 910 0
1 186 1
1 889 1
6 1256 0 216 0 928 1 44 0 313 0 576 0
1 210 1
1 207 1
30 896 0 433 0 232 0 987 0 835 0 641 0 642 0 289 0 1322 0 783 0 725 0 629 0 523 0 1324 0 657 0 496 0 434 0 1227 0 606 0 505 0 1090 0 1014 0 793 0 1237 0 388 0 50 0 478 0 713 1 899 0 457 0
3 504 0 119 1 76 0
2 582 0 654 1
1 29 1
3 247 1 1283 0 623 0
1 266 1
1 969 1
1 845 1
7 727 0 988 0 136 1 1040 0 316 0 762 0 778 0
2 988 0 1128 1
11 979 0 185 0 469 0 1017 0 843 0 489 0 1170 0 834 1 546 0 602 0 1314 0
1 432 1
1 1200 1
2 210 0 558 1
4 253 1 207 0 997 0 981 0
2 707 1 129 0
4 283 0 1295 0 411 0 1042 0
7 1217 0 1244 0 791 0 484 0 924 0 13 1 1158 0
1 1092 1
3 344 1 188 0 731 0
2 910 0 584 1
2 1283 1 522 0
8 459 0 1218 0 1103 1 1165 0 859 0 1244 0 1256 0 174 0
7 564 0 1231 1 1158 0 129 0 686 0 766 0 29 0
1 762 1
14 786 1 705 0 676 0 76 0 358 0 1086 0 722 0 202 0 313 0 910 0 690 0 564 0 859 0 103 0
2 1231 0 149 1
1 791 1
2 766 0 88 1
1 804 1
1 1163 1
1 675 1
3 791 0 910 1 731 0
2 733 1 51 0
2 727 1 1181 0
1 1262 1
1 406 1
4 1143 0 732 0 992 0 216 1
1 316 1
4 264 0 69 0 1143 1 1177 0
2 90 0 85 1
1 76 1
1 988 1
1 805 1
12 214 0 255 0 560 0 506 0 590 0 816 0 465 0 1078 1 281 0 1115 0 203 0 906 0
8 745 0 8 0 495 0 348 0 135 0 97 0 435 0 1114 0
5 1163 0 36 0 732 0 210 0 115 1
4 31 0 539 0 1251 0 348 0
2 1218 0 713 1
1 1178 1
1 1306 1
1 1301 1
4 553 0 870 1 210 0 1181 0
2 612 0 176 0
2 631 0 129 1
5 1218 0 202 0 880 1 381 0 963 0
1 601 1
2 762 0 1002 1
2 521 1 722 0
33 234 0 906 0 582 1 1034 0 225 0 478 0 362 0 718 0 900 0 25 0 742 0 1269 0 435 0 1170 0 744 0 59 0 696 0 1115 0 145 0 93 0 162 0 369 0 27 0 636 0 789 0 481 0 952 0 1308 0 1106 0 990 0 1312 0 802 0 423 0
1 1209 1
1 689 1
1 680 1
1 107 1
3 690 0 189 0 180 1
1 202 1
5 1241 0 365 0 953 0 640 0 480 0
2 837 1 762 0
3 491 0 1152 1 1208 0
73 307 0 349 0 652 0 324 0 1024 0 21 0 787 0 1201 0 530 0 311 0 673 0 546 0 523 0 729 0 269 0 926 0 994 0 575 0 1198 0 822 0 1234 0 394 0 810 0 121 0 828 0 242 0 554 0 1233 0 233 0 419 0 697 0 1098 0 935 0 175 0 1132 0 102 0 1168 0 250 0 956 0 398 0 1079 0 1161 0 336 0 281 0 888 0 135 0 1189 0 951 0 173 0 1083 0 932 0 1249 0 1175 0 61 0 343 0 376 0 588 0 526 0 780 0 770 0 405 0 113 0 351 0 1232 0 238 0 497 1 552 0 377 0 410 0 126 0 128 0 1290 0 452 0
1 504 1
1 318 1
3 648 0 53 1 1165 0
7 264 0 935 0 722 1 828 0 95 0 1120 0 238 0
28 181 0 726 0 1205 0 399 0 4 0 935 0 447 0 311 0 1076 0 700 0 797 0 542 0 758 0 984 0 393 0 303 0 663 0 871 0 402 0 881 0 1117 0 882 0 364 0 159 1 390 0 1021 0 70 0 909 0
34 742 0 38 0 1313 0 1287 0 646 0 255 0 95 0 1180 0 322 0 227 0 256 0 864 0 1232 0 1001 0 437 0 919 0 1110 0 517 0 363 0 811 0 221 1 278 0 1132 0 220 0 1147 0 899 0 427 0 611 0 1119 0 726 0 124 0 204 0 64 0 972 0
1 834 1
1 127 1
1 848 1
3 925 1 924 0 1199 0
2 1040 0 381 1
8 1268 0 1174 0 358 0 796 0 654 0 1306 0 40 1 804 0
3 479 1 491 0 686 0
6 6 1 1137 0 778 0 564 0 103 0 490 0
3 1200 0 432 0 648 1
1 722 1
28 1123 0 152 0 921 0 1094 0 146 0 312 0 1190 0 646 0 414 0 1295 0 475 0 797 0 1264 0 230 0 901 1 647 0 556 0 904 0 516 0 1071 0 555 0 831 0 1238 0 170 0 616 0 632 0 1129 0 825 0
45 1318 0 1323 0 1172 0 1186 0 185 0 1238 0 741 0 61 0 983 0 1102 0 510 0 467 0 333 0 87 0 232 0 876 0 1072 0 1096 0 1099 0 362 0 838 0 453 0 235 0 1282 0 789 0 303 0 691 0 473 0 1129 0 1109 0 1031 0 989 0 79 0 547 1 546 0 830 0 1015 0 1170 0 560 0 618 0 26 0 1274 0 330 0 714 0 659 0
1 1207 1
1 1165 1
2 845 0 262 1
1 788 1
1 103 1
1 39 1
1 559 1
52 32 0 288 0 636 0 1093 0 957 0 866 0 18 0 9 0 800 0 24 0 989 0 591 0 1126 0 1296 0 177 0 673 0 49 0 913 0 273 0 41 0 1151 0 782 0 395 0 1 0 649 0 965 0 1316 0 687 0 822 0 567 0 824 0 114 0 1045 0 1229 0 844 0 585 0 704 0 132 0 616 0 192 0 516 0 131 0 1012 0 829 0 946 0 1253 0 793 0 642 0 692 0 1156 0 1275 0 623 1
2 1062 0 443 1
1 950 1
1 1086 1
1 545 1
1 1256 1
4 99 0 36 0 574 1 1199 0
1 1275 0
34 1193 0 704 0 1215 0 921 0 1257 0 408 0 608 0 940 0 977 0 5 0 1241 0 1223 0 552 0 742 0 737 0 215 0 647 0 256 0 1025 0 41 0 1100 0 953 0 232 0 1199 1 1042 0 1064 0 345 0 1237 0 989 0 1168 0 169 0 1274 0 233 0 1187 0
3 1181 0 936 1 1218 0
1 901 1
6 484 0 950 0 643 1 631 0 791 0 202 0
5 572 0 574 0 1158 0 1309 1 195 0
1 68 1
4 808 0 272 0 358 0 712 1
5 981 0 148 0 1124 0 777 1 188 0
2 1163 0 122 1
3 589 1 1124 0 582 0
1 1281 1
1 47 1
2 859 0 1040 1
5 950 0 690 1 1078 0 358 0 36 0
3 1078 0 558 0 1255 1
2 511 1 195 0
4 1256 0 201 1 56 0 670 0
1 1254 1
4 676 0 531 0 188 0 148 1
22 500 0 1027 0 129 1 435 0 419 0 1154 0 335 0 752 0 844 0 624 0 1057 0 1316 0 1266 0 867 0 807 0 1022 0 893 0 537 0 1011 0 437 0 467 0 212 0
2 210 0 484 1
4 1199 0 854 1 558 0 727 0
1 859 1
12 136 0 1088 0 1208 0 272 0 261 0 106 1 686 0 796 0 56 0 71 0 1221 0 40 0
1 81 1
2 1218 1 99 0
4 845 0 222 0 1092 0 90 1
4 776 0 730 0 447 0 630 0
1 564 1
4 98 1 44 0 574 0 558 0
2 1268 1 99 0
15 1247 1 1062 0 504 0 676 0 1121 0 40 0 778 0 1255 0 63 0 1268 0 494 0 1103 0 1231 0 1217 0 686 0
1 272 1
5 561 0 627 0 73 0 771 0 575 0
7 58 0 1315 0 1021 0 96 0 106 1 1003 0 1007 0
26 362 0 14 0 42 0 552 0 782 0 796 1 1141 0 69 0 1304 0 268 0 852 0 641 0 752 0 738 0 126 0 720 0 833 0 206 0 941 0 1110 0 405 0 1063 0 1023 0 647 0 1034 0 193 0
12 546 0 151 0 1154 0 519 0 508 0 201 1 260 0 1097 0 95 0 38 0 275 0 185 0
1 460 1
1 188 1
6 22 0 729 0 205 0 944 0 978 1 1250 0
18 532 0 110 0 1176 0 184 0 816 0 1238 0 650 0 1197 0 954 0 1100 0 149 1 435 0 822 0 256 0 1102 0 376 0 341 0 134 0
4 1244 0 71 1 713 0 722 0
1 790 1
7 901 0 13 0 1124 0 790 0 677 0 997 1 644 0
1 1206 1
1 1245 1
1 1174 1
5 796 0 209 0 547 0 1138 1 969 0
1 766 1
1 490 1
1 547 1
1 572 1
19 27 0 985 0 264 0 755 0 296 0 317 0 1065 0 860 0 669 0 1117 0 856 0 1007 0 624 0 672 1 377 0 398 0 370 0 1219 0 62 0
1 497 1
4 870 0 1217 1 44 0 56 0
4 261 1 522 0 1200 0 497 0
6 574 0 150 1 727 0 1302 0 202 0 439 0
1 1062 1
1 44 1
23 905 0 898 0 1316 0 570 0 979 0 516 0 709 0 1096 0 66 0 1138 1 608 0 955 0 275 0 937 0 1271 0 685 0 560 0 747 0 1034 0 652 0 363 0 1108 0 542 0
5 1022 0 536 0 549 0 384 0 1104 0
5 763 1 168 0 821 0 190 0 1324 0
2 963 1 924 0
1 159 1
1 705 1
2000
2000
1 514 0
3 1047 0 832 1 642 0
1 1552 0
1 423 1
1 1926 1
3 1546 0 923 0 372 1
1 1515 1
3 303 0 1354 0 158 0
1 292 0
1 1478 1
4 942 0 1914 0 1280 0 1262 0
1 735 1
1 1093 1
2 1942 0 1369 0
1 142 0
1 364 0
1 1715 1
1 1495 0
1 1358 1
1 185 1
2 94 0 1700 0
2 9 0 1268 0
1 262 0
1 386 1
2 37 0 1699 0
1 1228 1
1 1179 1
1 1701 1
1 795 1
2 455 0 117 0
1 1054 0
1 899 0
1 1681 1
1 162 1
2 1608 1 60 0
2 162 1 1710 0
1 1757 0
3 1635 0 1082 0 919 1
3 411 0 1022 0 251 0
1 1005 0
1 1948 1
3 1622 1 948 0 1863 0
1 1307 1
1 1942 0
1 35 1
2 1755 0 1809 0
2 1534 1 892 0
1 1134 1
1 893 1
1 305 0
1 558 0
2 29 0 1139 0
1 1466 1
2 187 0 898 0
1 963 0
1 1813 0
1 1481 1
1 1008 1
1 977 0
1 94 0
1 1128 1
1 1285 0
2 910 0 339 1
1 978 0
1 769 1
1 1238 1
1 1493 1
1 1251 1
1 992 1
1 35 1
2 1301 1 1857 0
1 439 1
5 1355 0 1982 0 1776 0 648 0 1616 0
1 1075 1
3 929 0 1521 1 1222 0
1 464 1
1 1086 1
1 482 0
1 583 1
3 881 0 385 0 813 1
1 1988 0
2 609 1 127 0
1 260 0
2 528 0 1265 0
1 757 0
1 1378 1
1 25 1
1 1039 1
1 513 0
2 139 1 1230 0
1 940 0
3 1440 0 113 0 763 1
2 1144 0 438 0
1 806 0
1 760 1
1 50 1
1 1199 0
1 1711 1
1 944 0
1 1330 1
1 1477 1
1 1555 0
1 994 1
1 786 0
2 1088 1 603 0
1 245 1
1 1531 1
1 1343 1
2 875 0 1199 0
1 1415 0
1 1358 1
1 1685 0
1 1478 1
1 632 1
2 554 0 1517 0
1 1766 0
1 1668 1
1 949 1
1 482 0
1 640 0
1 376 1
2 978 0 833 1
2 694 0 1087 0
1 129 0
1 76 1
1 1998 1
1 878 0
2 1539 0 809 0
1 439 1
1 103 0
1 1384 1
2 1984 0 527 0
1 1282 1
2 732 1 678 0
1 8 1
2 864 0 1226 1
1 603 0
2 357 0 513 0
1 593 0
1 1732 1
1 1382 1
1 903 1
1 987 0
1 1620 0
1 1335 1
1 563 1
1 1366 1
1 894 0
1 1787 0
1 1336 1
2 1528 1 1824 0
1 1470 0
3 1419 0 1744 0 1856 0
3 288 0 838 0 1933 0
2 1897 1 818 0
1 1131 1
1 1794 1
1 1194 0
1 1534 1
2 1118 1 257 0
1 1948 1
1 193 1
1 1197 0
1 1125 1
2 1348 1 1213 0
3 1810 0 922 0 1840 0
2 1144 0 1660 1
1 181 0
1 1788 1
3 1523 0 683 0 619 1
2 194 0 25 1
1 631 0
1 541 1
3 915 0 1915 0 774 1
1 773 1
1 944 0
1 1059 1
1 618 0
2 1630 0 1642 0
1 1040 0
2 1193 0 1285 0
2 868 0 975 0
1 938 0
1 1810 0
1 56 0
1 1892 0
1 1827 0
2 765 0 384 1
4 1171 0 1833 0 1967 0 1567 1
1 1022 0
1 159 0
1 1135 0
2 454 0 949 1
1 1038 1
1 1111 0
2 1172 0 785 1
1 237 1
2 260 0 680 0
4 967 0 1596 0 1569 0 1243 0
1 1779 1
2 1574 1 1178 0
1 1063 1
1 1767 0
2 399 0 1038 1
1 964 1
1 1802 1
1 449 1
1 205 1
1 1435 0
1 1345 0
1 296 1
1 1346 0
1 1361 1
1 1458 0
1 1134 1
1 822 1
1 384 1
1 739 0
1 519 1
2 1401 0 614 0
2 834 0 1069 0
1 545 0
2 347 0 569 0
1 1036 0
1 1013 1
1 849 0
1 99 1
1 1616 0
1 1562 0
1 863 1
5 1208 0 1879 0 1361 1 474 0 1980 0
1 1656 1
3 680 0 1427 0 590 0
1 951 1
1 581 1
1 1667 1
1 1834 1
1 1730 1
1 1341 1
1 1622 1
1 1445 1
1 1968 1
1 1635 0
1 1042 0
2 639 0 1021 1
3 1144 0 815 0 999 1
1 954 1
1 1983 0
1 898 0
1 360 1
1 853 0
1 629 0
1 1228 1
1 767 0
1 355 1
2 1915 0 236 1
1 196 1
1 1095 0
3 651 0 1200 0 390 0
2 1582 0 1165 0
1 1198 0
1 1234 1
2 1525 0 684 0
3 34 0 1641 0 545 0
1 256 1
1 903 1
1 660 0
1 1179 1
2 1489 0 1434 1
2 291 0 1635 0
2 889 0 1225 0
1 1352 1
1 1071 1
1 1740 0
1 4 0
1 119 0
1 481 0
2 1154 0 479 0
1 1931 1
4 1014 0 125 0 1424 0 989 0
1 777 0
2 136 1 1597 0
1 252 1
1 195 1
1 248 0
1 974 0
1 818 0
4 59 0 1308 0 1193 0 1262 0
1 1376 1
1 82 1
2 1071 1 495 0
1 1117 0
1 666 0
2 1567 1 1245 0
1 593 0
1 1397 1
3 1630 0 297 0 222 0
3 192 0 903 1 1710 0
1 62 0
4 584 0 718 1 868 0 1311 0
1 1049 0
2 1977 0 673 1
3 329 0 888 0 1345 0
1 130 1
1 185 1
1 1709 1
1 161 0
1 718 1
1 221 0
2 1742 1 663 0
2 1870 0 802 0
1 840 0
1 186 0
2 545 0 918 0
1 1064 1
1 491 0
1 620 1
2 926 1 1460 0
1 1482 0
1 1547 1
1 1834 1
2 702 0 464 1
1 1492 0
4 960 1 599 0 257 0 1905 0
1 804 0
3 505 0 1425 0 1154 0
1 893 1
1 1863 0
1 1163 1
1 677 0
2 1597 0 1938 0
1 901 0
2 1799 0 1113 1
2 1557 0 741 0
1 1907 1
3 1866 0 1621 1 103 0
1 49 0
5 1248 0 1710 0 804 0 966 1 259 0
1 187 0
1 1144 0
1 441 0
1 63 0
1 1664 1
1 838 0
1 672 1
2 631 0 1618 0
2 650 0 1850 0
1 1585 1
1 1671 0
2 366 0 991 1
1 1140 0
1 689 1
1 426 1
1 260 0
1 1333 1
1 1693 0
1 341 0
1 1789 1
2 1734 1 549 0
1 1339 1
1 217 1
1 685 0
4 1399 0 463 0 1561 1 1890 0
1 1884 0
2 111 1 1903 0
1 1795 0
1 855 0
1 518 1
1 516 0
1 1653 1
4 659 0 1526 0 447 0 1827 0
1 931 0
1 1220 0
1 1729 1
1 371 1
1 763 1
1 1291 0
4 447 0 1263 0 1501 1 1822 0
2 279 0 1286 1
1 1395 1
1 920 0
1 879 0
1 898 0
2 1956 1 1597 0
1 1133 0
1 1972 0
1 729 1
1 1376 1
1 1521 1
3 1125 1 18 0 1218 0
1 944 0
1 467 1
3 776 0 827 0 728 0
1 668 0
1 1415 0
2 1474 0 584 0
1 1813 0
1 1262 0
2 39 0 1861 0
1 1775 0
2 1409 1 1459 0
1 588 1
1 853 0
1 1460 0
1 1096 0
2 1509 0 1962 0
1 729 1
1 311 0
1 176 0
1 661 0
1 324 1
1 1107 1
1 186 0
1 69 1
1 1633 0
1 775 0
1 1654 1
1 204 1
1 1081 0
1 303 0
1 842 0
1 1323 1
1 721 0
1 698 0
1 350 1
1 1328 0
1 431 1
2 1524 1 1469 0
2 561 1 1765 0
1 92 1
1 638 1
5 483 0 1947 0 1886 0 1192 0 1979 1
1 1189 1
2 1693 0 1258 0
1 848 0
1 478 0
3 1787 0 381 1 1448 0
1 903 1
2 1945 1 730 0
4 402 0 11 0 1515 1 1933 0
2 1934 0 1207 0
1 682 1
3 481 0 1059 1 1923 0
1 833 1
1 951 1
4 1639 0 955 0 242 0 102 1
1 221 0
1 1041 1
2 573 0 1500 0
1 1787 0
1 101 0
5 377 0 1802 1 1545 0 1756 0 1223 0
5 1078 0 159 0 22 0 282 1 1500 0
1 722 0
1 165 1
1 1911 1
1 966 1
1 1368 0
1 712 1
1 1440 0
1 441 0
1 300 0
1 628 0
1 1818 1
1 1602 1
1 1690 1
1 307 0
2 1980 0 1019 1
1 1441 1
1 498 1
3 1689 0 1361 1 1054 0
1 1416 1
2 865 0 1628 1
1 1998 1
1 1529 1
1 1847 1
1 105 1
2 136 1 385 0
1 80 0
1 63 0
1 720 1
1 1524 1
1 394 1
1 608 0
1 1705 1
1 466 1
3 1545 0 615 0 1705 1
2 614 0 1434 1
1 436 1
1 1102 1
3 421 0 1310 0 1511 1
1 1434 1
1 77 1
1 1359 1
3 1287 0 1305 0 1118 1
1 380 0
1 480 0
1 191 0
2 572 0 1819 0
1 1002 0
4 810 0 1829 0 723 1 1795 0
1 572 0
2 1284 1 1698 0
1 1626 0
3 869 0 610 0 1163 1
1 779 1
1 53 1
1 1392 0
3 146 0 1944 0 1296 0
1 1227 1
1 1222 0
1 1719 0
2 521 0 432 0
4 342 0 683 0 608 0 1752 0
1 1580 0
1 1940 1
1 1621 1
1 590 0
1 1056 0
1 107 1
1 1661 1
2 594 1 189 0
1 1928 0
1 870 0
1 1818 1
2 1049 0 1080 1
1 346 1
1 489 1
1 264 1
1 1837 0
1 261 0
1 1112 1
1 85 0
1 1195 1
1 147 0
3 214 0 1588 1 27 0
3 1195 1 1764 0 776 0
3 1500 0 886 0 1609 0
1 971 1
2 1343 1 660 0
1 425 1
1 781 1
3 1713 0 1896 0 1718 0
1 501 1
5 1256 0 1870 0 1590 0 1916 0 1033 0
1 697 0
2 1961 0 1867 0
1 1733 1
1 601 1
1 425 1
1 1591 1
1 917 0
1 214 0
1 899 0
2 872 0 1786 0
2 1701 1 885 0
2 816 0 1130 0
1 1250 1
1 1488 1
2 1932 0 973 0
1 352 1
1 1476 0
1 337 1
1 1125 1
1 827 0
1 175 1
5 178 1 1285 0 878 0 349 0 529 0
1 1963 0
1 1652 1
1 1131 1
2 699 1 996 0
2 1506 1 277 0
1 822 1
1 847 0
1 1957 0
5 904 1 701 0 310 0 1293 0 849 0
2 718 1 727 0
2 15 0 684 0
1 743 1
2 972 0 558 0
1 320 0
2 1646 0 244 0
1 1658 0
1 339 1
1 1461 1
1 500 1
1 1733 1
2 581 1 1629 0
3 1807 0 1080 1 509 0
2 1525 0 227 0
2 267 0 352 1
1 503 0
1 1687 1
1 1834 1
1 463 0
1 1017 1
2 1847 1 1526 0
2 1047 0 1584 0
1 1634 0
1 423 1
1 1510 0
3 1311 0 775 0 1117 0
1 205 1
1 1592 0
1 450 1
1 339 1
2 394 0 75 1
1 583 1
1 330 1
1 545 0
1 1416 1
1 1677 1
2 913 0 88 0
1 274 1
1 1052 0
2 1950 0 1500 0
1 1357 1
1 1844 0
1 316 1
1 319 1
1 1768 0
1 613 0
1 141 0
1 285 0
2 1146 0 761 1
1 1270 0
2 1169 0 635 0
1 1277 1
1 1568 0
1 751 1
1 785 1
1 1000 0
1 1039 1
1 1088 1
1 217 1
1 1767 0
2 1593 0 820 0
1 583 1
2 525 1 308 0
1 1223 0
1 1672 0
1 981 0
2 538 1 1391 0
1 1730 1
1 540 0
1 1429 1
2 1911 1 967 0
1 1959 1
1 1574 1
1 1332 0
1 1347 0
1 535 1
2 1829 0 1364 0
1 167 0
1 416 0
1 1084 1
2 576 0 982 0
1 316 1
1 1525 0
4 1672 0 262 0 357 0 1293 0
2 670 0 14 0
1 532 0
1 286 0
1 1617 0
1 33 1
2 1390 0 391 1
1 1807 0
1 1927 1
1 1286 1
2 259 0 307 0
1 1612 0
2 1359 1 1248 0
3 1990 0 753 0 128 0
1 1488 1
1 1743 1
1 358 1
1 1663 0
1 855 0
1 289 1
1 1479 1
2 895 0 1381 1
1 53 1
1 1903 1
2 1067 0 16 0
1 1671 0
1 1760 0
2 1614 1 1089 0
1 466 1
1 518 1
1 591 1
1 1501 1
1 1615 0
1 1301 1
1 17 1
1 785 1
1 921 1
1 191 0
1 1267 0
1 1627 0
1 1895 0
1 3 1
1 544 1
1 1150 1
1 1257 1
1 917 0
2 829 1 1490 0
1 422 0
2 1485 0 30 1
1 273 0
2 1362 0 107 1
1 1838 1
4 1089 0 1430 0 1931 1 429 0
1 1012 0
1 456 1
3 411 0 1508 0 271 0
1 412 1
2 1143 1 1833 0
4 870 0 1983 0 1974 0 1157 0
1 1685 0
1 1130 0
1 1830 0
1 8 1
1 550 0
1 1558 1
1 145 1
1 829 1
1 1168 1
1 1275 0
1 1194 0
1 1115 0
2 1108 0 1684 0
1 761 1
2 378 0 1987 1
1 1289 1
2 1796 0 1418 0
2 886 0 1630 0
2 1665 0 101 0
1 797 1
6 645 0 1404 1 1510 0 108 0 777 0 149 0
1 587 1
1 220 1
1 1809 0
1 795 1
1 527 0
2 1283 0 159 0
1 1563 1
1 1915 0
1 1213 0
2 562 0 34 0
1 1798 1
1 66 0
1 1348 1
3 1005 0 1792 1 1190 0
2 546 0 279 0
1 1891 1
5 1569 0 259 0 1010 0 132 0 1714 1
2 803 0 488 1
1 1123 0
2 897 0 1118 1
3 261 0 1915 0 1866 0
1 181 0
1 794 0
1 1011 0
1 964 1
2 848 0 1518 1
1 87 0
1 1119 1
1 1578 1
1 1621 1
2 1690 1 341 0
1 513 0
3 669 0 220 1 433 0
1 842 0
1 852 1
1 1448 0
1 1708 0
1 1316 0
2 1495 0 1673 0
1 881 0
3 1820 0 1865 0 277 0
1 318 0
1 48 1
1 787 1
1 1369 0
1 1181 0
1 547 1
1 1261 1
1 1422 1
1 1770 1
2 277 0 1132 1
1 1900 0
1 1101 0
2 1234 1 1242 0
1 512 1
1 1092 0
1 465 1
1 494 0
2 195 1 1611 0
1 978 0
1 347 0
2 858 0 833 1
1 321 1
1 1690 1
1 982 0
4 437 0 305 0 323 0 163 0
1 1892 0
1 538 1
1 1088 1
1 406 1
1 53 1
2 1388 1 1516 0
1 515 1
1 948 0
1 998 0
1 1539 0
1 1932 0
1 589 1
1 342 0
1 1770 1
1 1918 1
1 1848 1
1 1581 0
2 909 0 480 0
2 974 0 1688 0
1 956 1
1 1434 1
1 651 0
3 468 0 1476 0 1134 1
1 967 0
1 304 1
2 482 0 1526 0
1 712 1
1 353 0
1 1445 1
1 372 1
1 1231 0
1 1549 1
1 372 1
1 282 1
1 1947 0
1 1798 1
2 1091 0 628 0
1 795 1
1 1455 0
1 1849 1
1 1183 1
1 1068 1
1 1864 0
1 484 1
1 299 1
1 26 0
1 221 0
1 744 0
1 1556 0
2 351 1 1781 0
1 1006 0
1 1152 1
1 1370 0
3 1005 0 435 0 1666 0
1 909 0
3 519 1 1026 0 1393 0
1 457 1
1 1822 0
1 363 0
1 1564 0
1 1902 0
1 631 0
3 1295 0 1714 1 1009 0
1 757 0
1 1404 1
1 297 0
1 1530 1
1 1670 1
1 1530 1
1 408 1
1 1296 0
1 907 1
1 1573 1
1 1844 0
1 670 0
1 1737 0
1 317 0
2 1211 0 1929 0
1 1735 1
1 1804 1
3 1322 1 607 0 1920 0
1 676 0
1 370 1
1 1846 1
1 1709 1
2 1973 0 287 1
4 1555 0 526 0 1301 1 1886 0
1 1124 0
1 1128 1
1 1020 1
1 1254 0
1 1125 1
1 406 1
1 404 0
2 1092 0 1761 1
1 968 0
1 86 0
1 930 1
1 1322 1
1 1882 0
3 1894 0 893 1 1967 0
1 1473 1
1 240 1
1 567 1
3 352 1 357 0 440 0
1 1090 0
2 740 0 1376 1
1 1683 0
1 214 0
1 1941 0
1 1382 1
1 203 1
1 1661 1
1 1234 1
1 1340 0
1 1948 1
2 1632 0 504 0
3 607 0 1582 0 441 0
1 655 0
1 385 0
1 224 0
3 408 1 1543 0 739 0
1 58 0
1 133 0
1 487 0
2 1166 0 981 0
2 1704 0 187 0
1 755 1
1 889 0
2 25 1 1950 0
1 763 1
1 1143 1
1 1754 1
3 1223 0 251 0 1135 0
1 773 1
1 1143 1
1 1218 0
1 1826 0
2 768 0 1872 1
1 1541 1
1 616 0
2 489 1 1723 0
1 561 1
1 1635 0
2 700 0 1585 1
1 1862 1
1 337 1
1 1236 1
1 158 0
1 1202 0
1 560 0
1 10 0
1 274 1
1 1718 0
1 510 1
1 160 0
1 1462 1
1 995 1
1 331 1
1 102 1
1 1335 1
1 1215 1
1 1455 0
3 878 0 1219 1 181 0
1 1219 1
2 1875 0 1907 1
1 1517 0
1 1404 1
1 1094 0
1 1769 1
2 650 0 1454 0
1 125 0
1 144 0
1 1898 0
1 1736 1
1 1732 1
1 701 0
1 597 0
1 1601 1
1 1059 1
2 1825 0 774 1
1 751 1
2 510 1 1001 0
1 506 0
3 509 0 1575 0 1085 0
1 1221 1
1 130 1
3 1536 1 983 0 1015 0
2 944 0 195 1
1 403 1
1 193 1
1 699 1
1 317 0
1 1903 1
1 796 1
2 1353 0 1119 1
2 1926 1 303 0
1 1420 1
1 1090 0
1 249 1
3 633 0 1392 0 1549 1
5 605 0 1967 0 1042 0 1766 0 1207 0
1 1831 1
1 951 1
3 1081 0 634 0 5 0
2 1593 0 894 0
1 1960 0
2 212 0 1875 0
1 706 1
2 1663 0 20 0
1 1284 1
3 1611 0 1261 1 676 0
1 1601 1
1 467 1
1 197 1
3 1141 0 500 1 928 0
1 1518 1
3 840 0 788 0 829 1
1 213 0
1 1487 0
1 525 1
2 1229 0 1497 0
2 287 1 1474 0
1 365 1
1 1691 1
1 1805 0
1 1173 1
1 508 1
2 1018 1 1205 0
2 1894 0 718 1
1 1579 1
2 473 0 33 1
2 1120 0 1699 0
1 65 1
2 1086 1 710 0
1 940 0
1 1905 0
2 1741 0 440 0
1 420 1
2 253 1 1311 0
2 1484 0 1611 0
1 1666 0
1 1221 1
1 1518 1
1 1563 1
1 1966 0
2 964 1 810 0
1 1731 1
1 51 0
1 315 0
1 110 1
1 1060 1
1 928 0
1 1527 0
1 1172 0
1 1388 1
1 1880 0
5 1052 0 1435 0 17 1 1915 0 1509 0
2 785 1 1822 0
1 830 0
1 134 1
1 1731 1
2 1902 0 1246 1
1 1967 0
1 641 0
1 805 1
1 1127 1
1 1724 1
1 732 1
1 1765 0
1 628 0
1 1723 0
1 1711 1
1 1887 0
6 1554 0 1569 0 893 1 1274 0 416 0 5 0
1 212 0
1 1784 1
3 1015 0 688 0 738 0
2 1858 0 867 1
1 1725 1
1 1316 0
1 907 1
1 493 1
1 288 0
1 525 1
1 955 0
1 1799 0
1 1860 1
1 327 0
1 601 1
4 1914 0 423 1 1436 0 207 0
1 916 0
1 1298 0
1 370 1
1 916 0
1 1619 0
1 1401 0
2 461 0 1307 1
2 776 0 1504 0
2 311 0 1023 0
4 1537 0 1633 0 884 0 1067 0
1 1246 1
4 792 0 1428 1 878 0 1939 0
1 333 1
1 501 1
2 1486 0 534 0
1 40 0
1 991 1
2 107 1 688 0
1 904 1
2 1555 0 1654 1
2 1843 0 1559 0
1 1013 1
1 1347 0
1 1583 1
1 1785 1
1 104 1
1 807 0
1 1003 0
1 889 0
1 1088 1
1 721 0
1 950 0
2 1668 1 1273 0
1 566 0
1 1753 0
1 884 0
2 1390 0 1102 1
1 1471 0
5 1133 0 1244 0 943 0 1057 1 1645 0
1 1065 1
1 1567 1
2 466 1 820 0
1 1714 1
1 17 1
1 237 1
1 594 1
1 935 0
1 466 1
1 1398 0
1 400 0
1 1174 0
2 1941 0 544 1
1 1330 1
1 485 0
1 1749 1
1 1506 1
2 750 0 772 1
3 745 1 804 0 958 0
1 169 0
1 532 0
1 94 0
1 1027 0
1 1262 0
1 2 1
1 1300 1
1 702 0
1 921 1
2 29 0 473 0
2 307 0 637 0
1 382 0
1 376 1
1 1513 1
1 139 1
1 558 0
1 1656 1
1 1073 1
1 673 1
1 1135 0
4 679 0 690 0 1379 1 1010 0
1 1993 0
2 737 0 1611 0
1 1970 0
1 236 1
1 511 1
1 513 0
1 1911 1
1 419 0
1 467 1
2 1633 0 1704 0
2 1944 0 210 0
1 528 0
2 1311 0 1337 0
1 452 0
1 1528 1
1 69 1
1 1061 0
1 1409 1
1 963 0
1 1913 1
1 356 0
3 1671 0 1262 0 87 0
1 1910 1
4 1896 0 1369 0 1772 0 1979 1
1 1412 0
1 773 1
1 994 1
1 109 1
1 1422 1
1 454 0
1 1790 1
2 639 0 585 0
3 1281 1 555 0 309 0
1 306 1
1 1336 1
1 1999 1
1 904 1
1 407 0
1 785 1
1 676 0
1 1132 1
1 1232 1
5 468 0 866 0 1485 0 1608 1 1196 0
1 1946 1
2 582 0 562 0
3 340 0 356 0 722 0
1 1945 1
1 400 0
1 984 0
1 116 1
1 1745 1
1 979 1
1 956 1
1 909 0
2 1308 0 1958 0
2 1624 0 1907 1
1 1876 0
1 1785 1
1 1290 1
1 1381 1
1 779 1
2 105 1 1620 0
1 1352 1
1 1372 1
1 919 1
1 1611 0
1 62 0
1 384 1
1 1323 1
1 1498 1
2 224 0 110 1
1 1825 0
1 914 0
1 95 1
1 85 0
2 1276 0 697 0
1 993 1
1 1541 1
3 1740 0 583 1 281 0
1 1983 0
3 241 0 1448 0 1567 1
1 1069 0
1 1378 1
1 1931 1
1 1214 0
1 1636 0
2 778 0 241 0
2 1423 0 836 0
1 948 0
1 1761 1
1 1531 1
1 772 1
1 1921 1
1 1707 1
2 1670 1 1894 0
1 880 0
1 271 0
1 4 0
1 556 1
3 848 0 712 1 778 0
1 382 0
1 792 0
2 1886 0 736 0
1 1939 0
1 608 0
1 1821 0
1 1004 0
1 1366 1
1 1453 0
2 39 0 1909 0
1 866 0
5 882 0 936 0 365 1 1634 0 280 0
2 1654 1 1490 0
1 373 1
1 171 0
1 525 1
1 1477 1
1 1441 1
1 1748 1
1 1394 0
1 1174 0
1 298 0
1 208 1
1 828 1
1 773 1
1 1923 0
1 1801 1
1 1607 0
1 1835 1
2 746 0 562 0
1 8 1
1 1979 1
2 1029 0 786 0
2 1584 0 712 1
1 1450 0
1 1219 1
1 518 1
1 216 0
2 129 0 1568 0
1 1778 0
1 934 0
2 930 1 839 0
1 863 1
1 381 1
3 177 0 1687 1 1977 0
1 1177 0
1 1379 1
1 1817 0
1 1453 0
1 1965 1
1 412 1
1 97 0
1 1222 0
1 287 1
1 1937 1
2 1436 0 1193 0
1 1359 1
4 1530 1 1002 0 1026 0 1565 0
1 177 0
1 1423 0
1 202 0
1 1584 0
2 255 1 375 0
1 1458 0
1 1956 1
5 1450 0 1765 0 1773 0 1689 0 206 0
1 292 0
1 1691 1
2 594 1 1760 0
1 1773 0
1 1585 1
1 744 0
1 1080 1
1 73 1
1 1910 1
1 136 1
1 444 1
1 6 0
1 65 1
1 432 0
1 1110 0
1 1202 0
4 1117 0 845 0 383 0 784 0
1 1493 1
1 548 0
2 1992 1 940 0
1 1080 1
1 1132 1
1 1885 1
1 1663 0
1 1367 1
2 1283 0 944 0
3 426 1 329 0 1555 0
1 748 0
3 554 0 1663 0 494 0
1 512 1
1 1178 0
2 62 0 779 1
1 1917 0
1 1614 1
1 971 1
2 1133 0 1669 0
1 492 1
1 592 1
1 19 1
1 1792 1
2 1338 0 410 0
1 1127 1
1 121 1
1 1306 1
1 1743 1
2 1856 0 1040 0
3 1389 0 1769 1 56 0
1 1588 1
1 57 1
1 74 0
2 1934 0 1707 1
1 823 0
2 1128 1 1500 0
1 265 0
1 1943 1
2 490 0 323 0
1 1339 1
2 951 1 86 0
1 1511 1
1 337 1
2 1348 1 708 0
1 1847 1
1 1994 0
1 1769 1
1 57 1
2 1109 0 498 1
3 1031 0 1010 0 1500 0
2 1333 1 1564 0
1 41 0
1 351 1
1 1608 1
2 346 1 1884 0
4 140 0 895 0 689 1 1917 0
1 759 0
1 1128 1
7 436 1 1297 0 528 0 1997 0 1988 0 913 0 281 0
2 725 0 1858 0
1 1339 1
1 234 1
2 226 0 1174 0
1 1533 0
1 855 0
1 1783 1
1 1913 1
1 1209 1
1 1690 1
1 1547 1
2 3 1 1990 0
3 1205 0 293 0 170 0
1 1609 0
1 1824 0
2 1639 0 351 1
1 743 1
3 701 0 303 0 123 0
1 780 0
1 742 1
1 355 1
3 399 0 1948 1 1283 0
1 601 1
1 51 0
1 1159 0
1 687 0
1 121 1
2 1172 0 1662 0
1 1027 0
1 1659 1
1 1018 1
3 1926 1 345 0 1962 0
1 1306 1
1 346 1
1 926 1
1 1122 1
1 745 1
4 256 1 36 0 629 0 1212 0
3 184 0 705 0 534 0
1 1021 1
1 624 0
1 278 0
1 27 0
1 1281 1
1 362 1
1 109 1
1 1515 1
1 593 0
2 532 0 1430 0
1 1424 0
2 1621 1 1026 0
1 91 0
2 1869 1 414 0
1 715 1
2 924 0 216 0
1 607 0
1 253 1
1 1339 1
1 249 1
1 582 0
1 776 0
1 255 1
1 1977 0
1 1541 1
1 1876 0
1 904 1
1 73 1
1 573 0
1 458 0
1 83 1
1 723 1
1 969 0
4 690 0 1413 0 1199 0 233 0
1 126 1
1 1432 0
1 1981 0
1 978 0
1 1782 1
5 890 0 1042 0 110 1 1777 0 1580 0
3 916 0 1529 1 1929 0
2 494 0 1886 0
1 102 1
1 1320 0
1 1426 0
3 1313 1 746 0 569 0
1 1512 0
1 1549 1
1 1820 0
1 1588 1
2 187 0 1342 1
1 813 1
2 1113 1 1657 0
2 1558 1 318 0
1 45 1
1 696 1
2 938 0 1650 0
1 1922 1
2 1741 0 1870 0
1 1669 0
2 1558 1 811 0
1 905 1
1 151 1
3 950 0 1155 0 1781 0
1 1857 0
1 1699 0
2 1606 0 72 0
3 1541 1 1471 0 1713 0
1 1538 1
1 536 0
1 1008 1
1 1134 1
1 1313 1
1 302 1
2 1757 0 1483 0
1 1093 1
1 1614 1
3 1715 1 1153 0 615 0
1 345 0
1 1536 1
1 131 0
1 1428 1
1 27 0
1 21 0
1 1236 1
1 582 0
2 265 0 115 0
1 619 1
1 1888 1
1 648 0
1 1674 1
1 1750 1
1 338 1
1 242 0
1 1773 0
1 857 0
2 1405 0 401 0
1 617 0
1 1556 0
1 148 1
1 568 0
1 446 0
1 1117 0
1 258 1
1 807 0
1 1734 1
1 855 0
4 1459 0 1544 0 254 0 1975 0
1 517 1
1 1666 0
1 396 0
2 1981 0 34 0
1 1572 0
1 1857 0
1 182 1
1 20 0
1 248 0
1 1667 1
1 1352 1
1 1187 0
3 1602 1 998 0 862 0
2 1295 0 334 0
1 410 0
3 873 0 33 1 848 0
1 1874 0
1 1534 1
1 1020 1
1 1567 1
1 639 0
2 629 0 1303 0
1 781 1
1 1784 1
1 1854 0
1 1296 0
1 1802 1
1 1118 1
2 1927 1 354 0
1 642 0
1 1862 1
1 476 0
1 1728 1
1 1707 1
1 1687 1
2 662 0 240 1
2 295 0 1855 0
1 216 0
1 1237 1
1 1483 0
1 1992 1
1 944 0
1 1213 0
1 1749 1
1 704 0
1 781 1
1 1194 0
1 1832 1
1 1474 0
1 1616 0
1 1731 1
2 1491 0 325 1
1 1173 1
1 817 1
1 1227 1
1 963 0
1 529 0
1 178 1
2 1080 1 810 0
1 1911 1
1 1659 1
1 1603 0
1 288 0
1 99 1
2 1513 1 545 0
1 1367 1
2 494 0 448 0
1 1701 1
1 1624 0
1 1513 1
4 752 0 1665 0 1566 0 1801 1
1 672 1
1 457 1
1 1793 0
1 164 1
1 1348 1
1 1907 1
3 180 0 1816 0 215 0
3 1955 0 1280 0 1652 1
1 1024 1
1 1356 1
1 1142 1
1 1555 0
1 488 1
1 341 0
1 973 0
4 339 1 396 0 469 0 12 0
4 1744 0 1157 0 507 0 674 0
1 1318 0
3 1601 1 156 0 1864 0
2 471 0 87 0
2 158 0 916 0
1 1073 1
2 1419 0 1826 0
2 548 0 300 0
1 456 1
1 1632 0
3 1016 0 276 0 905 1
1 1839 1
1 1823 0
2 1641 0 353 0
1 999 1
1 1417 1
1 354 0
1 1418 0
1 1019 1
1 931 0
1 125 0
1 1257 1
1 1105 0
1 1712 0
1 1872 1
1 1660 1
1 948 0
1 712 1
2 1820 0 1081 0
1 188 0
1 289 1
1 195 1
1 1904 0
4 272 0 1353 0 1265 0 177 0
1 304 1
1 1032 1
1 1740 0
1 1155 0
1 1987 1
1 1105 0
2 1441 1 894 0
1 293 0
1 1351 1
1 1729 1
1 268 0
1 986 0
2 1842 0 476 0
2 966 1 1077 0
2 1569 0 1806 0
1 784 0
1 1210 0
3 858 0 1605 0 1367 1
1 1448 0
1 867 1
2 709 0 848 0
4 1559 0 1887 0 490 0 196 1
2 663 0 1342 1
1 145 1
2 216 0 239 0
1 1548 0
1 1937 1
3 1980 0 922 0 1449 0
2 1414 0 364 0
2 1074 0 1609 0
1 1518 1
1 1823 0
1 774 1
1 1136 0
2 810 0 65 1
1 624 0
1 805 1
1 1884 0
1 665 0
1 1057 1
1 533 0
1 1226 1
1 50 1
2 327 0 1069 0
2 194 0 1370 0
2 928 0 1994 0
1 1365 1
1 721 0
1 1520 0
1 1033 0
4 257 0 1520 0 1709 1 1905 0
2 1754 1 898 0
1 1749 1
1 742 1
1 1897 1
1 1670 1
2 1998 1 703 0
1 925 0
4 1157 0 909 0 925 0 1131 1
1 1147 1
1 408 1
1 3 1
2 1343 1 51 0
3 11 0 327 0 1739 0
2 101 0 1039 1
4 1148 0 1448 0 67 1 218 0
1 119 0
2 498 1 1863 0
1 310 0
1 1079 0
2 896 0 766 1
2 1880 0 1710 0
3 1343 1 908 0 462 0
1 1072 0
1 428 1
2 1224 0 968 0
1 658 0
1 1717 0
1 1918 1
1 67 1
3 1016 0 964 1 378 0
1 1978 1
1 1055 0
1 737 0
1 1931 1
2 63 0 67 1
1 1510 0
2 24 0 1621 1
1 1068 1
1 1880 0
1 1976 0
1 832 1
2 1689 0 272 0
1 1136 0
1 1828 1
1 1861 0
2 375 0 614 0
4 709 0 825 0 1420 1 566 0
1 1660 1
1 1064 1
1 229 1
2 1229 0 1534 1
2 1700 0 1188 0
2 1948 1 1160 0
2 696 1 380 0
1 769 1
3 361 0 1966 0 524 0
1 1234 1
1 1520 0
1 1497 0
2 865 0 196 1
1 249 1
1 1074 0
1 1213 0
1 1246 1
1 1021 1
1 613 0
1 1981 0
4 1880 0 1694 0 1052 0 1915 0
1 621 0
1 1696 0
2 222 0 1847 1
2 146 0 215 0
1 1050 0
1 1326 0
2 1912 0 903 1
1 1247 0
1 1501 1
2 1038 1 1855 0
2 1050 0 1932 0
1 1154 0
1 1810 0
1 1608 1
1 223 1
1 791 1
1 877 0
2 938 0 1335 1
4 1254 0 1782 1 313 0 198 0
2 922 0 1384 1
2 333 1 1096 0
2 121 1 1269 0
1 1175 0
1 1742 1
1 893 1
1 408 1
1 1714 1
1 1355 0
1 968 0
10 224 0 218 0 1140 0 172 0 1501 1 21 0 631 0 697 0 1902 0 778 0
1 316 1
1 1643 1
1 1024 1
2 809 0 769 1
1 1242 0
1 1113 1
1 1284 1
1 1695 1
1 1427 0
1 74 0
1 863 1
2 595 0 490 0
1 866 0
1 391 1
1 1377 0
1 766 1
2 957 0 1490 0
1 913 0
1 1334 0
1 885 0
4 880 0 393 0 263 0 1510 0
2 1296 0 1008 1
1 813 1
3 1439 0 325 1 780 0
1 508 1
1 30 1
6 522 0 342 0 51 0 695 0 479 0 1108 0
2 1085 0 45 1
1 1336 1
1 826 0
3 1808 0 582 0 267 0
2 1696 0 985 0
1 628 0
1 1065 1
1 953 1
1 1342 1
2 1168 1 1662 0
1 399 0
1 1185 0
1 1176 0
1 1578 1
2 1584 0 1029 0
1 1316 0
3 1331 0 1878 0 1328 0
1 247 0
2 1644 0 1728 1
2 913 0 1733 1
1 639 0
1 1070 0
1 1354 0
1 1994 0
2 857 0 1243 0
2 144 0 1077 0
1 1811 0
1 938 0
6 575 0 326 0 1680 0 1019 1 1235 0 415 0
1 136 1
1 1409 1
3 978 0 1148 0 1813 0
1 609 1
3 661 0 1426 0 1300 1
1 1482 0
1 1803 0
1 1084 1
1 1324 1
1 639 0
1 1622 1
1 1774 0
1 616 0
1 5 0
1 1561 1
1 89 1
1 1691 1
1 1624 0
1 1312 1
1 1025 0
1 1847 1
1 273 0
1 538 1
1 531 1
1 1137 1
1 914 0
3 469 0 36 0 1430 0
1 1222 0
1 1307 1
1 373 1
1 1388 1
1 1889 0
1 1386 0
1 1132 1
1 1649 1
1 567 1
1 11 0
1 522 0
2 1633 0 1088 1
1 1471 0
1 1032 1
3 1662 0 1576 0 1792 1
2 1508 0 991 1
1 1840 0
1 280 0
2 196 1 974 0
1 1869 1
1 33 1
2 1528 1 1270 0
1 558 0
1 649 1
1 325 1
1 1551 0
1 1758 0
2 312 0 1959 1
3 1194 0 89 1 422 0
1 485 0
1 1884 0
1 649 1
1 93 1
1 450 1
1 500 1
1 588 1
3 495 0 1006 0 1657 0
3 1126 0 105 1 1590 0
1 1301 1
1 1980 0
1 1273 0
1 1999 1
1 820 0
1 1986 1
1 1628 1
1 960 1
6 1282 1 681 0 657 0 845 0 836 0 846 0
1 1690 1
1 1506 1
1 1114 1
1 1397 1
1 1490 0
1 1836 0
1 600 1
1 1097 0
1 79 1
1 1252 0
2 512 1 1553 0
2 1633 0 1187 0
2 1853 0 1435 0
1 848 0
1 1196 0
1 230 1
1 1351 1
1 901 0
1 501 1
1 1257 1
4 357 0 124 0 1476 0 1716 0
2 1821 0 1843 0
1 76 1
1 1369 0
3 1190 0 1507 0 304 1
1 1264 1
1 1919 1
1 1545 0
3 855 0 603 0 578 0
1 1769 1
1 1780 1
1 880 0
1 1938 0
1 1055 0
1 1313 1
1 1496 0
1984
787
1 1176 0
1 1736 1
4 293 0 1942 0 1622 0 1007 0
1 1615 0
1 821 0
1 886 0
1 961 0
8 108 0 1444 0 1035 1 1912 0 1473 0 604 0 1073 0 1483 0
1 1491 0
1 547 1
7 40 0 1737 0 862 0 659 0 85 0 1934 0 938 0
1 49 0
18 438 0 695 1 827 0 643 0 804 0 842 0 294 0 766 0 394 0 1027 0 962 0 1538 0 1609 0 1457 0 1751 0 603 0 1929 0 619 0
1 12 0
1 82 0
1 335 0
1 961 0
1 695 0
1 389 0
2 1850 0 505 0
1 1354 0
2 830 0 4 0
1 303 0
1 1690 0
1 389 0
13 1831 0 1155 0 1970 0 1178 0 205 0 1681 0 483 0 1422 1 1179 0 920 0 802 0 1630 0 966 0
2 1245 0 447 1
1 179 0
1 207 1
1 451 0
1 398 0
1 778 0
1 520 0
1 1620 0
1 1008 0
2 989 0 1060 1
1 1381 0
2 385 0 31 0
2 787 0 1519 1
1 891 0
1 303 0
1 1666 0
1 1666 0
2 1518 0 467 1
1 597 0
1 1327 1
1 60 1
1 1148 0
1 1381 1
1 1666 0
1 1736 0
1 398 0
1 1449 0
1 389 1
1 1552 0
1 1354 0
1 1666 0
1 620 0
1 1132 0
1 803 0
1 1527 1
21 1347 0 63 0 705 0 1208 0 431 0 1508 0 984 0 672 0 620 1 1477 0 1377 0 1681 0 1345 0 35 0 478 0 241 0 1350 0 650 0 531 0 964 0 834 0
1 1855 0
1 1666 0
1 1558 1
2 1148 0 1275 0
1 682 0
2 467 0 813 0
2 1062 0 12 0
1 762 0
1 30 0
1 1666 0
1 1690 1
1 1666 1
1 783 0
1 1518 0
1 385 1
5 504 0 576 0 1060 1 362 0 255 0
1 758 0
1 655 0
1 1018 0
1 699 1
1 1062 0
7 450 0 44 0 1465 0 854 0 259 0 1164 0 943 0
1 1558 0
3 303 0 1381 0 1558 0
1 1850 0
2 1354 0 1552 0
1 1381 0
1 1552 0
1 1620 0
1 682 0
1 30 1
1 867 0
1 908 0
1 1422 0
1 385 0
1 830 0
2 312 0 12 0
2 787 0 1395 0
1 1093 0
1 1148 0
9 1205 0 1183 0 1415 0 640 0 1351 1 1914 0 133 0 542 0 425 0
1 1736 0
1 445 0
1 7 1
1 1512 1
1 74 0
1 803 0
1 627 0
1 207 0
30 724 0 1533 0 102 0 1375 0 1272 0 1526 0 315 0 101 0 919 0 470 0 660 0 360 0 927 0 187 0 644 0 268 1 1076 0 24 0 1003 0 1603 0 668 0 1374 0 1582 0 1051 0 348 0 1909 0 1386 0 267 0 1158 0 910 0
1 1453 1
1 620 0
1 870 0
3 9 0 1820 0 682 1
1 1422 1
2 627 1 1093 0
1 1692 0
1 1389 0
2 389 0 226 0
2 1235 0 1512 0
1 689 0
1 1736 0
4 553 0 320 0 314 0 1703 0
1 597 0
1 60 0
12 579 0 823 0 474 0 1877 0 1713 0 1278 0 1542 1 98 0 1184 0 415 0 448 0 316 0
1 689 0
1 908 0
1 1690 0
2 588 0 867 0
1 689 0
1 588 0
2 1507 0 1060 0
18 1464 0 512 0 1104 0 1819 0 918 0 1875 0 1439 0 1248 0 805 0 1706 0 1564 0 672 0 1255 0 325 0 1541 0 1837 0 1441 0 196 0
1 1709 0
4 54 0 602 0 741 0 1458 0
1 1008 1
3 803 0 1213 0 1395 0
2 467 0 1060 0
1 1060 0
1 49 0
1 74 0
2 1327 0 1851 0
1 1453 0
1 1709 0
9 1353 0 851 0 1657 0 1271 0 454 0 52 0 668 0 291 0 821 1
1 447 0
16 383 0 702 0 1082 0 1933 0 60 1 591 0 478 0 550 0 298 0 435 0 1365 0 1190 0 439 0 1723 0 1839 0 1040 0
1 989 0
1 1690 0
1 1709 0
1 1148 0
1 332 0
1 188 1
1 821 0
1 7 0
1 447 0
1 505 1
1 959 0
1 891 0
1 82 0
1 1736 0
1 1850 0
1 332 0
1 303 1
1 959 0
1 268 0
1 602 1
3 1261 0 389 0 741 0
2 682 0 303 0
1 1702 0
1 689 0
1 908 0
1 1687 0
1 113 0
1 627 0
1 82 0
1 1558 0
1 1491 0
1 627 0
1 179 0
4 1236 0 608 0 456 0 1190 0
1 655 0
1 695 1
4 1091 0 1176 1 871 0 38 0
1 959 0
2 80 0 57 0
1 1905 0
1 445 0
1 1422 0
1 1035 0
1 1958 0
1 1536 1
8 1535 0 1477 0 196 0 1172 0 153 0 1502 0 178 0 440 0
5 778 1 941 0 1820 0 477 0 1173 0
1 1389 0
1 387 0
1 1772 0
1 1948 0
1 1948 0
14 416 0 330 0 1087 0 1247 0 1500 0 244 0 482 0 550 0 1225 0 1795 0 1907 0 496 0 1216 0 1223 0
2 188 0 1351 0
2 845 0 689 1
1 1224 0
1 1517 0
2 1512 0 1381 0
1 1176 0
1 1618 0
3 54 0 268 0 1507 0
1 467 0
1 908 1
1 7 0
1 1552 1
1 113 0
1 445 0
1 1261 0
2 30 0 588 0
1 682 0
1 1958 0
4 1959 0 1217 0 53 0 1316 0
1 547 0
10 1654 0 1357 0 385 1 48 0 1544 0 1730 0 965 0 264 0 900 0 1353 0
1 1235 1
9 93 0 1352 0 145 0 684 0 1573 0 1624 0 1082 0 1141 0 284 0
1 821 0
1 891 0
1 31 0
1 783 1
1 1619 0
1 398 1
1 467 0
1 179 0
1 1619 0
1 1389 1
2 113 0 226 0
1 620 0
1 783 0
1 1453 0
1 762 0
1 376 1
1 1381 0
1 1619 0
1 1517 0
2 1850 0 445 0
1 1552 0
1 1674 0
1 821 0
1 607 0
1 1850 0
1 856 0
10 1369 0 919 0 674 0 133 0 1109 0 355 0 1633 0 1454 0 31 1 939 0
1 1327 0
1 1288 0
3 499 0 850 0 1186 0
28 729 0 1289 0 188 1 1136 0 903 0 196 0 1635 0 1532 0 102 0 1786 0 256 0 1260 0 661 0 679 0 912 0 1554 0 144 0 1831 0 1858 0 1123 0 893 0 471 0 67 0 1944 0 429 0 1774 0 1243 0 1388 0
1 1389 0
1 1491 0
5 1035 0 588 0 1244 0 803 0 1261 0
1 1093 0
1 891 0
1 741 0
1 1772 0
2 803 0 1213 0
1 12 0
1 689 0
34 1818 0 1154 0 427 0 355 0 357 0 326 0 775 0 417 0 1309 0 907 0 1384 0 1881 0 1703 0 1645 0 1770 0 1090 0 928 0 599 0 410 0 776 0 1411 0 1548 0 125 0 96 0 749 0 941 0 1278 0 1412 0 346 0 168 0 505 1 1746 0 546 0 1101 0
5 1585 0 795 0 1551 0 956 0 780 0
1 1517 0
1 445 1
1 1288 0
1 1035 0
41 1053 0 871 0 508 0 1696 0 985 0 1284 0 330 0 1792 0 373 0 9 0 1703 0 1261 1 162 0 65 0 1070 0 139 0 552 0 1902 0 73 0 1452 0 1953 0 1050 0 822 0 663 0 608 0 1242 0 356 0 503 0 1021 0 730 0 365 0 1573 0 133 0 737 0 1946 0 1426 0 448 0 858 0 502 0 1760 0 462 0
1 1517 0
30 483 0 241 0 1884 0 697 0 874 0 1524 0 237 0 1448 0 695 1 585 0 142 0 1545 0 727 0 759 0 217 0 215 0 833 0 1731 0 1477 0 1194 0 197 0 1942 0 1494 0 1726 0 266 0 404 0 1378 0 1908 0 516 0 1125 0
3 1126 0 1963 0 1184 0
1 447 0
2 451 0 1736 0
1 505 0
1 74 0
5 212 0 358 0 485 0 190 0 23 0
1 1261 0
1 1224 0
1 830 0
1 1245 1
1 64 0
1 1148 1
1 638 1
1 1619 1
1 1922 0
1 1235 0
1 7 0
1 891 1
2 1035 0 1148 0
1 1351 1
1 1035 0
2 113 0 695 0
2 1245 0 1148 0
1 1453 0
1 1458 0
2 699 0 682 0
2 216 0 1964 0
1 1381 0
1 886 0
1 49 0
1 1275 0
2 627 0 1709 0
1 1507 1
1 891 0
2 1519 0 803 0
2 762 0 602 0
1 908 0
1 803 0
1 588 0
1 1093 0
2 1922 0 1351 0
1 54 1
9 229 0 394 0 1099 0 1725 0 442 0 1242 0 15 0 1582 0 517 0
1 1736 0
1 1261 1
1 1176 0
6 1533 0 1301 0 1860 0 1961 0 137 0 1154 0
1 188 0
1 1060 0
1 1035 0
3 554 0 259 0 102 0
1 783 0
1 1948 1
1 1176 1
1 867 1
18 383 0 1377 0 78 0 774 0 1149 0 466 0 582 0 635 0 1595 0 1617 0 703 0 1507 1 1622 0 904 0 1231 0 158 0 1359 0 1497 0
2 1008 0 856 0
1 1517 0
15 1355 0 1641 0 40 0 1947 0 932 0 912 0 1905 1 1461 0 386 0 1773 0 63 0 1787 0 266 0 939 0 898 0
1 1772 1
2 1784 0 1213 0
1 1491 0
2 1518 0 602 0
1 49 0
1 1062 0
1 1674 0
8 212 0 392 0 824 0 720 0 1061 0 1041 0 1275 1 1441 0
1 1148 0
1 1512 0
27 232 0 1815 0 850 0 1331 0 586 0 737 0 134 0 1434 0 1700 0 359 0 953 0 181 0 696 0 1340 0 1352 0 1097 0 1694 0 1889 0 783 1 1778 0 1265 0 551 0 225 0 8 0 1373 0 247 0 139 0
1 627 0
3 227 0 733 0 1870 0
20 409 0 1236 0 461 0 1001 0 1287 0 707 0 1455 0 1600 0 1049 0 490 0 1971 0 541 0 1692 1 585 0 1022 0 745 0 1681 0 551 0 1087 0 1849 0
1 1784 0
1 1512 0
1 1458 1
1 1213 1
3 376 0 1519 0 602 0
1 1244 0
2 82 0 1666 0
1 1615 0
1 1018 0
1 207 0
1 1784 0
1 1269 0
4 1369 0 288 0 1171 0 1051 0
4 3 0 214 0 1860 0 250 0
1 1558 0
2 1148 0 1619 0
1 741 0
1 588 0
1 1389 0
1 1148 0
2 1784 0 830 0
2 1381 0 786 0
1 387 0
1 1922 1
1 4 0
1 7 0
2 1275 0 1784 0
2 821 0 398 0
1 1666 0
21 228 0 1580 0 269 0 1615 1 1868 0 66 0 847 0 1236 0 1345 0 416 0 1913 0 761 0 802 0 68 0 1842 0 232 0 296 0 1496 0 126 0 1168 0 1443 0
2 1558 0 1666 0
1 1709 1
18 867 1 172 0 1464 0 76 0 440 0 1098 0 526 0 40 0 820 0 1749 0 1223 0 970 0 1653 0 784 0 390 0 424 0 629 0 160 0
2 803 0 762 0
1 1132 0
1 1018 0
9 1798 0 1655 0 1451 0 497 0 1359 0 1931 0 834 0 131 0 213 0
1 783 0
1 1784 1
1 870 0
1 597 1
1 803 1
1 689 0
4 661 0 1720 0 879 0 1433 0
1 1948 0
1 944 0
1 1687 1
5 1174 0 1382 0 887 0 632 0 1712 0
13 1929 0 1715 0 1219 0 52 0 128 0 272 0 835 0 1313 0 387 1 911 0 1681 0 1493 0 1645 0
3 1746 0 1377 0 758 1
1 92 0
1 4 0
2 31 0 1709 0
19 668 0 128 0 1654 0 1630 0 1088 0 494 0 1628 0 14 0 1195 0 1547 0 420 0 1764 0 591 0 284 0 374 0 1701 0 350 0 1807 0 1459 0
1 1213 0
1 1269 0
1 1702 0
1 1619 0
1 699 0
1 944 0
1 758 0
1 1523 0
1 226 1
1 447 0
1 1674 0
1 1244 0
12 512 0 591 0 1110 0 274 0 708 0 682 1 1978 0 1896 0 1494 0 704 0 337 0 500 0
1 655 0
1 741 1
1 1213 0
1 624 0
1 1851 0
1 1702 1
2 1354 0 1132 0
1 959 0
1 597 0
2 856 0 1692 0
1 1687 0
1 496 0
23 730 0 1919 0 767 0 1872 0 1969 0 841 0 208 0 259 0 215 0 1372 0 424 0 565 0 1252 0 865 0 1177 0 978 0 1589 0 241 0 1909 0 1981 0 803 1 651 0 1043 0
1 1615 0
1 695 0
2 813 0 207 0
2 268 0 1615 0
1 1351 0
1 1389 0
1 961 0
2 1690 0 113 0
1 312 1
1 113 1
1 54 0
16 629 0 1264 0 533 0 1882 0 582 0 577 0 21 0 335 1 1611 0 868 0 756 0 1917 0 70 0 1842 0 1941 0 1326 0
2 1343 0 1072 1
2 1093 0 783 0
1 803 0
1 588 0
1 1692 0
1 1072 0
1 1850 0
1 1275 0
1 113 0
1 856 1
3 1476 0 996 0 1590 0
1 54 0
1 620 1
3 1352 0 1299 0 887 0
1 1905 0
1 387 1
1 82 0
1 1148 0
3 695 0 1518 0 1552 0
1 1552 0
1 845 0
1 1519 0
2 944 0 856 0
1 1008 0
1 1542 0
1 12 0
2 385 0 31 0
1 588 0
2 620 0 1552 0
1 1702 0
1 179 1
1 398 0
15 1235 1 210 0 540 0 1920 0 1032 0 211 0 916 0 478 0 1147 0 927 0 1017 0 355 0 237 0 937 0 1343 0
1 762 0
1 1458 0
1 813 0
37 59 0 1871 0 1589 0 1751 0 1164 0 1107 0 419 0 1274 0 1748 0 842 0 1843 0 1836 0 1766 0 612 0 1235 1 167 0 893 0 314 0 466 0 538 0 489 0 885 0 1582 0 1071 0 1345 0 66 0 768 0 1403 0 146 0 1943 0 1925 0 360 0 93 0 119 0 409 0 999 0 1272 0
1 867 0
1 786 1
2 778 0 1527 0
1 1905 1
1 1552 0
1 867 0
1 1542 0
1 1692 1
1 758 0
1 1062 0
1 1491 1
1 699 0
1 1577 0
2 1261 0 1948 0
1 830 0
3 1458 0 1784 0 1552 0
1 1224 1
1 1736 0
1 1381 0
1 1235 0
1 1784 0
1 1422 0
2 1093 0 627 0
1 1709 0
1 1772 0
1 1275 0
7 1844 0 782 0 160 0 612 0 1566 0 1706 0 258 0
1 179 0
1 856 0
1 445 0
1 113 0
1 1213 0
1 870 0
3 879 0 1532 0 1319 0
2 689 0 813 0
1 845 0
2 1536 0 1395 0
16 421 0 1256 0 194 0 735 0 1749 0 1815 0 1973 0 1524 0 1168 0 626 0 972 0 795 0 759 0 1077 0 1475 0 1302 0
12 281 0 160 0 435 0 1632 0 850 0 1674 1 501 0 974 0 804 0 1549 0 754 0 1668 0
7 1350 0 1155 0 1241 0 1543 0 1387 0 73 0 1368 0
1 655 0
2 1512 0 1687 0
1 787 1
1 845 0
23 1564 0 146 0 1809 0 1891 0 572 0 1568 0 1006 0 1852 0 1827 0 926 0 854 0 811 0 841 0 975 0 616 0 1930 0 135 0 681 0 877 0 570 0 1584 0 945 0 52 0
1 1527 0
1 1674 1
1 207 0
1 505 0
2 867 0 389 0
1 1922 0
1 1702 0
1 989 0
1 398 0
1 787 0
1 778 1
1 332 0
1 1519 0
12 222 0 1591 0 136 0 552 0 272 0 1213 1 1028 0 1675 0 1169 0 1823 0 1373 0 1194 0
2 1072 1 1491 0
1 1213 0
1 1354 1
1 547 0
1 821 0
2 1213 0 268 0
1 389 0
1 335 0
1 49 0
2 1905 0 82 0
8 1521 0 1223 0 1169 0 118 0 785 0 1894 0 1587 0 1496 0
1 1855 0
1 1213 0
1 268 1
2 908 0 1245 0
2 1674 0 1458 0
2 787 0 1327 0
1 1269 1
2 1527 0 695 0
1 467 0
1 1709 0
1 389 0
1 1060 0
2 49 0 689 0
1 1132 0
11 1633 0 126 0 507 0 1569 0 1267 0 461 0 1944 0 60 1 1965 0 1751 0 368 0
1 1851 0
1 959 1
1 1536 0
3 1425 0 1114 0 1958 1
1 1542 1
2 758 0 1674 0
2 821 0 682 0
1 335 1
2 1507 0 1213 0
1 303 0
1 1527 0
1 856 0
1 1922 0
1 60 0
2 1224 0 787 0
1 813 1
1 1491 0
1 830 1
1 1213 0
1 1615 1
1 803 0
1 1519 0
1 332 1
1 1235 0
2 332 0 689 0
1 49 0
2 1958 0 520 0
1 813 0
2 1666 0 961 0
1 588 1
1 1666 0
2 1633 0 1327 1
1 1851 0
1 1542 0
1 1261 0
1 1395 1
1 1709 0
1 1235 0
1 1507 0
2 1245 0 1008 0
2 113 0 2 1
1 49 1
1 1176 0
1 944 1
1 1948 0
1 830 0
1 1354 0
1 1018 0
1 445 0
1 1062 1
1 845 0
1 74 1
1 689 0
1 1132 1
1 2 0
1 961 0
1 1702 0
5 320 0 1328 0 1956 0 1803 0 1886 0
1 1261 0
3 627 0 689 0 1518 0
1 1507 0
1 1018 1
7 938 0 1613 0 789 0 1280 0 961 1 714 0 390 0
1 398 0
4 1958 0 655 0 113 0 803 0
1 1093 1
1 1851 0
3 1354 0 1381 0 786 0
1 670 0
1 989 1
1 2 0
1 82 1
1 699 0
1 1512 0
1 1244 1
1 961 1
1 1275 0
1 867 0
1 867 0
1 1244 0
5 755 0 1325 0 1750 0 696 0 1638 0
2 667 0 800 0
1 1018 0
1 1709 0
1 695 0
17 95 0 1295 0 1487 0 135 0 139 0 881 0 1938 0 1406 0 535 0 1124 0 1588 0 124 0 1721 0 371 0 103 0 919 0 1772 1
1 891 0
3 758 0 1850 0 1687 0
1 179 0
1 451 0
1 54 0
1 1615 0
1 845 1
18 1297 0 1527 1 1020 0 1537 0 769 0 156 0 1875 0 64 0 1939 0 860 0 1418 0 189 0 890 0 1406 0 590 0 1717 0 535 0 732 0
1 944 0
1 655 0
1 1235 0
1 845 0
1 1958 0
1 1855 1
6 1240 0 816 0 1883 0 163 0 910 0 1881 0
1 1666 0
1 886 0
1 376 0
1 830 0
1 31 1
1 655 0
10 1069 0 884 0 540 0 1639 0 741 1 48 0 1057 0 1010 0 1399 0 1638 0
19 253 0 48 0 1010 0 13 0 676 0 1324 0 1550 0 1003 0 1748 0 1479 0 1489 0 1353 0 660 0 875 0 744 0 1289 0 1558 1 1671 0 598 0
1 1702 0
1 451 1
1 179 0
1 1035 1
1 1736 0
2 1855 0 602 0
1 520 1
5 1767 0 1083 0 797 0 778 1 1757 0
1 1619 0
2 520 0 1093 0
9 476 0 1737 0 1805 0 1357 0 1038 0 1882 0 1202 0 409 0 230 0
1 1620 0
1 1093 0
1 1620 1
2 92 0 908 0
1 4 1
2 1519 0 376 0
2 689 0 1235 0
1 74 0
1 602 0
1 762 1
1 1288 1
1 1275 1
1 49 0
2 520 0 398 0
1 1213 0
1 1422 0
12 840 0 1934 0 1061 0 140 0 1870 0 1555 0 667 0 1180 0 623 0 351 0 1788 0 1269 1
1 1245 0
1 1269 0
1 1542 0
1 520 0
1 783 0
1 1018 0
1 655 0
1 695 0
1 758 1
4 627 0 207 0 92 0 638 0
1 7 0
1 1269 0
1 1850 1
3 1905 0 1422 0 12 0
2 1850 0 588 0
1 332 0
2 1453 0 1395 0
1 188 0
1 60 0
1 870 1
1 886 0
2 1412 0 1279 0
1 92 1
1 1517 0
1 682 1
1 389 0
2 113 0 332 0
1 1736 0
1 1932 0
1 959 0
1 821 1
1 813 0
1 1395 0
1 787 0
1 989 0
1 1244 0
11 297 0 111 0 1607 0 101 0 1717 0 1199 0 188 1 1420 0 742 0 1147 0 987 0
1 1850 0
1 1269 0
1 989 0
2 1823 0 1755 0
2 886 0 520 0
1 1422 0
2 376 0 1542 0
8 323 0 946 0 1041 0 376 1 1797 0 687 0 1247 0 1628 0
1 207 0
1 845 0
1 1458 0
1 1850 0
2 139 0 552 0
14 451 1 1837 0 1169 0 1919 0 1498 0 184 0 1510 0 1831 0 832 0 656 0 40 0 661 0 1928 0 1495 0
2 1288 0 870 0
1 188 0
1 1453 0
1 1060 0
1 1458 0
1 961 0
2 1422 0 467 0
1 1422 0
1 867 0
2 655 0 870 0
1 12 1
1 803 0
1 547 0
2 689 0 389 0
2 870 0 1958 0
1 959 0
1 1518 1
1 1517 1
1 1275 0
1 1958 0
1 1958 1
1 1018 0
3 655 1 1542 0 1018 0
1 786 0
1 1687 0
2 845 0 961 0
1 1709 0
2 1060 0 891 0
1 1851 1
1 1176 0
1 1517 0
1 54 0
1 207 0
1 207 0
1 886 1
7 67 0 1227 0 1818 0 1427 0 1223 0 970 0 218 0
