100
5 4
2 1
4 20
7 21
2 1000000000000000000
4 1
48 467484646552
27 3662655
7 17
10 221
13 127
34 650226716
25 1735705
49 140737488355329
7 15
25 252525
11 218
3 1
49 281474976710656
7 12
48 67506751373671
42 573427213203
50 281474976710655
7 18
11 406
7 6
7 33
7 27
7 26
11 207
23 539042
50 999999999999999999
34 2228886359
4 2
7 32
7 2
7 25
7 3
7 1
23 801221
38 66233812435
3 2
4 5
37 23621891003
7 9
41 263444310502
50 281474976710656
18 29257
28 66091272
32 1068166686
7 30
25 1000000000000000000
7 7
7 11
7 16
47 11121020397019
28 13482203
9 33
33 1845903436
7 19
3 3
25 8388609
48 16989643055309
49 140737488355328
7 10
38 28779033261
7 4
7 22
7 5
44 3659756649777
4 3
37 2023367586
7 13
50 105553116266496
2 2
19 122376
50 1
7 31
7 20
23 1888431
44 2442010316908
7 24
26 11601773
34 1883733584
7 14
7 8
21 85683
7 23
34 2449081466
47 11545182283783
50 281474976710657
21 20920
50 140737488355328
50 1000000000000000000
7 29
33 1951007280
4 4
27 18742900
7 28
17 4583
