100
4
2 3 4 1
4
3 3 4 1
4
3 3 4 3
10
7 8 10 10 9 2 9 6 3 3
10
2 3 1 10 3 5 6 7 8 9
546
432 111 507 419 160 141 290 214 380 107 529 487 175 445 28 272 451 243 366 47 405 202 90 437 194 19 240 343 369 453 483 512 398 376 151 296 400 257 298 526 152 315 393 469 474 305 541 118 100 388 79 396 373 391 459 74 516 503 172 404 244 443 203 319 184 394 83 67 292 488 515 375 117 43 230 232 233 308 384 392 518 337 330 498 349 179 277 180 472 365 505 274 527 425 223 146 21 345 33 314 38 525 129 8 362 285 461 532 128 357 415 439 157 422 442 449 438 48 36 205 534 286 59 282 22 270 407 86 374 5 174 181 276 210 154 466 452 473 147 171 6 450 323 494 263 221 300 50 165 169 478 234 227 69 123 77 113 187 378 481 412 416 87 242 89 130 540 2 411 528 533 322 16 458 278 499 247 226 545 520 497 254 303 71 414 325 124 395 1 39 431 310 418 4 309 216 268 258 34 228 235 367 426 519 495 252 454 29 40 514 440 468 143 288 368 196 246 537 490 183 493 402 95 464 249 251 297 524 212 239 78 132 333 11 492 463 347 299 389 182 192 327 167 61 18 403 269 30 116 447 417 110 190 484 72 37 508 149 465 275 536 491 265 219 10 353 13 334 382 338 64 114 538 92 341 311 500 267 480 122 477 35 115 166 24 326 178 104 321 105 312 346 363 543 331 379 522 441 486 307 101 421 220 482 46 60 139 361 259 462 430 339 510 294 20 82 260 261 336 200 324 159 513 289 506 273 164 84 429 248 535 170 436 91 12 241 531 108 291 176 162 137 56 377 213 489 148 423 127 25 456 23 372 45 256 386 218 144 355 49 231 211 253 102 250 26 15 504 457 52 158 54 81 381 255 121 344 517 53 399 435 408 65 153 370 302 409 332 413 434 266 120 125 313 70 471 470 207 32 360 444 335 348 358 356 68 225 177 428 406 150 161 262 364 350 317 287 44 112 224 97 173 217 479 511 397 245 427 544 9 96 195 27 271 304 156 106 142 168 318 201 131 354 496 206 485 433 283 134 542 198 126 410 98 85 236 279 448 55 136 145 66 460 293 189 475 3 539 193 93 385 57 237 62 351 135 103 371 306 208 284 281 31 352 197 328 530 119 204 264 75 420 501 301 316 280 215 238 521 163 191 476 58 76 446 186 109 424 88 390 94 133 99 455 42 17 155 188 502 509 340 51 80 320 185 140 63 138 41 222 523 342 209 546 295 7 14 401 229 387 383 73 359 329 467 199
165
132 59 102 11 72 15 56 141 108 84 160 96 122 64 112 139 38 141 158 82 2 63 17 59 120 70 24 150 49 121 112 93 6 3 30 149 10 129 81 57 141 2 60 101 158 28 22 1 156 91 112 4 131 82 68 145 68 84 52 19 161 94 55 107 119 122 13 5 73 64 98 121 146 4 157 98 159 148 124 32 44 88 1 120 34 29 42 149 127 11 134 62 109 5 164 4 86 78 132 103 138 131 165 52 38 130 14 56 139 117 120 26 144 59 93 69 17 21 158 10 35 159 133 160 13 97 103 98 147 142 143 159 97 17 149 46 63 42 157 70 61 57 53 116 21 116 105 113 150 46 147 40 50 68 23 88 16 31 67 90 41 61 21 39 46
101
75 66 73 54 60 85 45 32 80 91 59 32 79 57 25 13 49 93 82 48 7 41 39 47 94 5 93 100 33 15 38 23 86 16 38 56 61 58 28 74 83 85 78 53 22 63 99 1 17 8 48 9 64 84 26 34 10 87 21 36 72 30 31 11 90 18 76 95 37 55 14 20 96 3 19 4 98 44 46 50 40 24 49 37 29 67 81 43 8 77 68 27 52 65 62 101 100 88 2 70 14
100
51 66 26 18 74 73 60 55 17 29 82 83 19 99 50 68 81 84 71 33 12 87 36 46 45 20 31 80 98 44 64 53 16 28 48 6 65 47 89 1 15 30 3 7 21 9 61 56 72 42 58 22 52 69 10 49 91 2 14 27 57 86 35 77 67 88 11 37 62 4 76 41 85 79 90 34 78 8 93 96 38 11 75 95 92 59 63 43 40 70 54 32 24 23 39 100 25 5 13 97
1000
810 292 275 485 978 73 93 447 405 426 816 643 472 876 143 484 987 866 759 36 666 351 587 281 734 149 860 953 607 638 851 236 526 652 564 20 187 496 508 377 945 850 213 434 732 411 689 125 670 438 748 290 852 550 70 589 639 233 592 461 299 960 465 126 754 779 569 560 857 537 705 684 6 970 327 279 188 369 548 337 335 115 711 875 203 858 470 365 346 572 655 750 7 844 515 849 399 183 494 949 733 668 425 784 458 641 186 367 164 831 801 373 206 257 925 778 207 199 336 767 614 470 558 873 395 56 318 416 142 809 815 823 937 115 499 71 48 370 942 500 669 133 15 877 365 542 783 165 26 703 807 217 89 600 648 221 536 570 267 477 232 728 562 109 148 878 777 144 489 733 622 62 203 363 741 894 619 213 647 263 385 662 104 656 733 529 641 77 904 733 802 712 201 508 772 125 171 335 846 775 610 88 118 293 719 615 117 588 230 999 122 222 706 800 759 339 733 340 380 361 156 212 376 59 45 947 926 869 854 209 506 161 492 990 348 32 255 681 470 178 862 722 84 101 367 887 707 763 853 903 202 794 523 614 237 532 591 514 524 113 762 454 180 988 802 262 159 338 37 329 766 110 690 37 3 187 167 436 76 285 24 59 715 328 280 45 609 466 455 877 775 2 620 190 59 693 757 831 61 610 843 321 880 954 769 637 453 319 973 806 14 364 357 468 835 118 733 127 308 153 302 678 883 784 11 639 75 12 270 938 479 991 335 810 326 119 80 541 717 216 798 626 929 494 524 250 359 235 839 10 201 519 968 447 961 796 313 512 347 884 841 685 174 312 16 792 190 963 78 170 932 553 112 906 957 223 40 984 431 219 108 393 667 388 181 710 639 384 922 395 790 593 935 104 42 773 320 582 97 648 736 580 818 104 9 724 916 981 864 813 43 944 742 634 345 646 135 330 775 765 604 721 915 527 103 567 133 631 993 747 663 958 563 44 603 278 23 719 524 521 501 727 448 989 716 692 632 914 709 608 899 951 307 476 289 660 197 105 498 183 825 41 683 677 185 288 584 10 841 286 711 13 60 714 780 696 160 753 89 484 871 217 168 62 4 621 896 667 169 833 966 908 912 699 921 508 808 459 66 311 441 590 293 668 903 231 950 657 37 836 282 358 597 258 325 606 732 972 352 529 440 834 253 404 469 33 424 98 906 695 889 256 545 135 888 157 540 317 749 555 905 146 525 557 533 555 554 79 471 628 969 16 372 58 641 732 544 841 909 68 394 163 433 35 700 706 113 121 114 158 730 90 577 430 746 950 39 965 415 402 138 398 891 467 764 825 215 208 744 742 339 224 392 590 234 613 19 962 982 154 903 774 435 421 192 516 29 450 287 611 205 820 596 334 257 63 996 997 781 413 486 187 923 956 272 342 986 661 974 439 428 286 650 414 314 799 21 30 552 137 960 45 177 277 187 566 339 920 865 633 980 34 320 811 91 184 136 469 892 456 699 182 925 696 529 771 340 100 141 338 417 468 924 761 58 829 464 645 104 58 238 173 463 72 362 590 842 773 47 273 918 446 64 630 530 630 935 788 809 565 885 923 150 63 567 976 247 872 449 386 647 950 573 474 283 445 85 870 863 828 422 122 821 406 23 37 442 162 914 614 63 170 190 19 137 401 913 374 867 135 175 58 704 199 107 575 205 51 539 92 95 946 478 65 824 52 297 586 622 856 674 390 248 585 420 271 120 817 305 211 100 960 101 602 686 897 306 116 419 475 133 882 147 12 343 317 365 698 578 555 928 366 23 252 110 356 805 341 45 540 528 907 465 391 797 310 151 497 594 114 654 517 410 295 131 507 768 196 933 612 723 282 132 755 914 910 995 720 676 640 558 838 63 522 315 427 898 394 349 917 361 687 301 94 100 515 793 333 145 276 31 53 249 229 967 760 69 86 936 27 438 241 867 409 649 18 16 990 228 718 481 708 124 610 534 955 155 166 895 303 295 782 191 360 701 876 246 814 531 943 583 659 939 176 879 487 776 837 451 965 524 971 534 189 170 311 87 795 559 826 846 493 737 620 423 407 914 691 214 758 495 389 242 673 461 227 102 791 136 742 809 371 819 952 21 859 663 343 893 520 259 139 890 412 63 752 226 59 568 121 452 934 28 304 758 624 375 651 906 311 355 598 368 618 756 491 855 353 502 74 234 518 309 629 244 515 836 581 992 201 408 599 784 378 840 627 17 799 444 508 332 979 429 469 827 617 96 668 511 260
200
48 15 113 94 120 185 95 15 133 198 144 6 112 175 48 92 88 54 61 171 96 29 162 37 124 36 152 63 151 146 146 125 142 21 68 72 78 58 137 156 77 2 118 143 55 44 105 199 76 64 58 129 25 57 177 47 195 53 79 148 69 31 7 129 9 147 68 196 153 157 89 90 18 42 89 170 134 65 139 116 149 183 102 82 187 104 26 181 40 109 183 158 110 98 197 136 124 87 11 73 120 70 166 109 74 17 154 136 165 173 68 115 13 71 103 145 60 198 131 28 142 94 3 93 179 82 148 163 178 155 141 174 147 119 34 168 100 14 64 146 58 138 194 113 126 167 4 32 142 24 37 193 27 45 86 80 11 130 64 135 122 106 12 196 20 191 192 46 62 62 114 7 6 3 189 40 79 160 67 16 19 161 85 126 56 179 200 63 162 2 43 137 102 49 180 77 107 22 104 60
200
107 126 43 133 27 68 161 36 31 187 69 181 66 126 117 122 69 184 38 173 142 84 55 114 26 144 10 169 3 166 156 76 76 68 27 165 134 28 15 76 74 118 150 197 74 135 169 6 55 25 48 93 56 16 19 195 45 93 46 103 46 17 193 107 163 152 120 178 11 77 30 109 176 1 4 3 158 123 148 42 87 178 123 20 137 130 60 152 80 58 83 21 134 173 140 45 150 170 83 31 64 142 75 111 103 11 97 13 115 142 124 178 41 72 33 145 200 71 141 35 110 115 63 104 41 15 114 159 51 74 69 70 4 108 95 61 87 186 166 73 18 171 189 102 59 73 129 27 102 97 194 138 89 63 15 180 71 133 4 155 184 73 44 191 123 179 61 11 156 64 69 48 94 22 87 94 80 168 128 48 196 145 67 43 47 135 84 118 50 121 184 10 132 71 154 144 182 13 30 86
10
4 10 2 10 8 5 9 3 10 7
10
7 8 9 10 8 4 1 6 3 8
160
152 79 59 26 10 70 130 40 138 39 93 29 17 38 7 57 137 49 25 23 58 43 5 48 34 98 6 103 143 11 35 16 22 22 95 142 12 93 61 157 107 150 122 46 69 131 111 71 132 133 56 3 135 85 52 2 21 136 123 100 4 65 158 66 92 15 78 44 37 14 80 31 106 151 156 104 124 140 147 102 154 108 77 86 145 146 20 65 1 118 36 119 134 9 121 149 117 159 149 41 42 99 68 113 72 19 73 153 116 148 90 8 13 112 114 126 55 76 45 63 32 24 120 28 141 83 27 67 155 56 127 54 115 47 144 125 109 82 105 139 75 135 94 81 50 89 18 66 87 91 101 110 74 129 62 117 84 128 60 123
59
38 36 51 19 47 4 26 3 44 50 1 57 39 12 57 21 53 11 52 5 55 17 35 8 58 1 9 25 6 12 12 20 29 18 28 3 16 7 32 48 22 22 40 31 54 49 10 14 38 41 40 56 41 37 46 42 24 34 30
20
17 10 19 18 6 10 4 9 12 20 14 7 15 1 8 10 5 15 8 17
10
2 4 6 10 1 1 2 6 2 8
50
35 12 10 23 11 40 46 26 26 22 21 39 16 15 27 20 1 50 8 29 31 11 11 15 44 5 35 26 23 8 16 4 39 35 12 3 30 35 10 10 39 21 24 39 5 23 48 18 6 9
10
5 3 7 9 1 1 5 5 5 5
10
9 10 8 1 9 4 2 7 5 5
231
27 11 205 102 122 29 108 201 217 221 23 17 153 183 100 122 102 131 126 50 27 212 118 128 194 101 15 126 101 28 101 128 78 129 39 23 79 124 188 44 101 152 220 165 47 198 123 137 167 131 181 36 66 96 17 201 59 222 227 118 165 95 203 168 73 93 100 103 93 223 130 28 63 195 12 124 66 158 194 146 225 122 39 154 83 92 179 167 194 229 162 79 77 214 44 168 144 154 210 203 6 118 230 75 85 12 141 96 143 210 123 121 217 108 33 170 12 185 22 209 47 36 215 154 56 200 32 97 215 129 228 88 206 1 148 108 211 227 164 196 138 146 153 170 185 41 26 38 18 218 214 17 138 76 212 10 149 111 131 28 217 10 221 10 25 125 226 110 119 144 205 29 148 161 31 69 17 126 76 95 177 227 194 160 150 75 141 97 27 27 195 218 221 79 74 62 135 110 146 178 183 150 68 103 33 64 116 181 192 110 154 11 31 64 205 55 164 74 171 168 10 74 21 172 155 86 191 171 55 170 24
100
62 75 88 71 10 88 60 11 39 24 53 82 96 51 93 63 3 32 45 94 66 48 66 76 47 18 84 23 49 16 59 65 100 19 61 17 57 68 80 58 46 99 25 10 72 4 26 41 27 7 29 78 52 2 40 96 12 5 77 54 94 79 81 74 83 87 90 28 97 82 20 13 50 36 15 91 85 100 64 34 37 89 43 77 14 40 98 1 16 38 86 8 50 22 7 39 26 90 92 99
400
241 181 349 302 204 7 333 132 109 174 221 92 179 10 3 296 46 207 114 128 47 398 130 156 290 222 263 214 12 312 334 279 186 393 243 172 264 25 397 313 8 324 195 327 21 210 325 68 389 108 346 370 282 55 270 239 232 29 103 160 51 50 154 293 331 76 368 60 192 323 75 158 61 131 70 115 157 272 161 28 171 143 360 330 337 89 220 374 187 301 250 197 152 308 183 182 78 194 164 19 246 372 289 43 121 167 339 303 15 123 31 281 71 117 30 292 33 155 285 319 366 139 316 62 345 253 22 388 382 17 238 342 224 79 147 265 341 118 209 361 244 383 196 259 98 343 16 188 391 126 275 317 85 202 177 112 73 67 260 271 268 367 365 20 373 297 72 177 45 231 165 291 52 249 169 236 277 294 385 245 134 227 299 54 230 380 56 140 375 280 145 24 283 64 390 27 217 208 332 168 233 66 83 175 101 105 137 35 146 150 36 106 363 369 348 358 14 59 298 122 229 58 107 288 329 355 295 151 191 44 40 184 110 256 273 23 127 84 318 254 91 261 144 251 211 155 362 162 396 309 96 111 320 400 26 228 190 262 57 4 203 255 359 357 399 113 328 278 201 163 381 49 153 6 379 212 287 65 90 159 2 219 185 266 135 149 394 311 116 138 247 166 213 284 338 32 48 119 364 88 37 267 336 315 242 340 93 269 257 248 104 371 77 225 170 180 240 353 226 237 39 176 286 199 314 94 351 178 148 206 34 141 18 304 100 13 81 276 386 321 198 69 384 82 189 87 350 205 41 252 5 307 377 38 310 193 335 173 387 395 95 9 376 344 124 352 356 136 218 129 354 258 142 120 86 305 235 300 11 326 97 133 306 378 42 80 274 200 234 125 347 1 322 53 392 74 99 223 215 63
20
2 7 9 17 12 9 9 15 4 7 5 6 3 3 3 17 1 12 9 6
1000
912 835 737 264 263 378 663 371 891 671 632 275 645 50 550 806 982 197 851 697 119 360 258 900 37 394 161 318 648 566 499 527 936 357 885 916 25 828 38 617 756 969 827 751 755 301 138 245 459 959 170 257 208 65 629 77 9 451 428 964 790 340 615 889 54 886 850 460 472 899 40 467 30 469 787 336 247 699 817 406 642 717 989 588 425 281 351 797 474 515 206 836 722 18 426 975 409 288 73 104 577 522 599 196 907 72 610 165 843 75 262 109 338 939 256 350 590 686 21 859 356 970 390 285 882 168 968 658 562 919 516 422 244 614 994 556 392 600 558 300 879 846 268 182 316 537 810 606 393 209 594 49 479 366 413 559 762 821 235 337 211 539 863 715 98 415 418 126 633 250 444 79 14 914 266 504 838 493 673 897 823 144 848 3 368 534 962 904 625 875 412 792 638 591 490 888 242 839 342 620 862 343 364 332 396 429 983 53 410 621 294 909 564 372 677 241 315 768 557 837 420 826 840 313 238 704 757 74 513 690 713 71 804 529 159 582 497 961 603 833 519 221 607 133 106 660 269 439 987 91 449 544 517 937 423 115 436 23 740 365 267 111 345 574 286 746 593 487 58 454 612 696 463 442 12 547 578 329 507 898 981 117 657 83 124 958 407 81 764 920 626 931 818 801 192 47 135 514 243 173 46 954 162 355 925 915 857 506 948 693 86 976 118 901 554 541 560 28 675 568 791 741 52 921 619 831 377 284 278 682 953 90 158 679 175 76 160 7 681 918 687 199 141 662 224 491 438 877 553 805 145 498 61 701 304 121 34 379 779 941 967 563 881 798 260 154 432 185 254 475 878 214 296 691 655 85 310 6 358 446 398 911 928 872 917 520 667 786 896 508 996 137 149 571 524 725 488 381 575 731 32 403 297 865 555 80 287 4 503 45 870 745 477 860 166 172 465 167 572 552 584 132 255 643 858 95 767 59 649 298 500 367 473 780 952 815 616 347 248 502 946 274 1000 405 819 971 688 934 774 927 518 760 623 270 598 579 726 705 963 68 685 609 273 978 417 630 92 669 586 714 56 69 923 89 370 770 279 728 763 11 622 127 711 793 110 908 809 228 723 195 346 608 984 935 734 146 903 320 31 431 97 440 482 176 759 308 344 307 845 769 802 947 402 942 201 131 253 225 979 239 535 335 674 395 719 972 164 639 234 729 618 876 758 986 521 824 825 640 950 834 143 753 874 940 796 299 433 84 108 15 721 468 349 695 945 136 219 139 156 988 929 782 803 213 993 708 430 276 634 955 186 419 926 57 951 702 101 291 456 966 949 236 51 692 842 380 99 386 665 816 194 191 302 151 771 853 830 455 103 231 70 943 585 776 672 624 856 601 462 749 716 271 684 216 63 437 727 531 325 200 683 653 453 203 189 743 854 421 55 466 283 887 169 569 892 261 738 193 528 538 772 636 424 328 13 742 670 41 293 205 812 808 150 873 375 811 339 128 784 246 788 650 303 718 148 739 777 709 277 647 10 605 179 523 319 736 215 29 334 847 512 330 397 613 134 869 341 489 184 829 374 317 217 814 39 481 20 822 78 549 354 576 282 226 458 2 794 48 668 832 483 546 171 114 930 611 82 977 525 980 551 93 871 471 202 956 501 478 530 765 461 991 944 495 210 676 447 849 666 259 322 646 408 703 744 289 924 94 799 861 102 965 542 841 933 938 227 533 855 311 866 157 107 5 730 844 427 218 62 913 595 641 229 974 631 604 314 852 359 434 387 17 998 659 910 388 712 661 883 251 321 180 484 707 505 545 88 323 223 492 401 511 153 35 44 16 880 652 485 147 656 651 820 694 922 999 496 362 445 813 589 678 353 536 452 222 43 548 583 597 326 710 240 540 637 985 220 204 198 324 754 894 116 766 509 142 680 183 376 67 19 778 596 627 689 232 272 997 120 414 750 664 163 233 404 761 995 895 373 411 265 384 654 890 190 480 348 992 87 807 363 125 789 592 96 66 178 352 64 800 252 635 932 700 868 389 724 280 532 24 22 140 26 188 644 476 105 486 212 785 382 1 333 174 306 36 385 113 735 237 906 152 905 747 305 573 457 383 561 327 292 893 450 448 494 33 543 27 181 884 399 8 602 733 867 441 795 309 581 295 207 435 331 112 570 902 960 748 230 957 628 187 510 60 752 580 361 416 42 122 775 526 706 773 155 312 369 464 781 720 290 100 470 129 130 177 249 587 990 973 732 123 565 698 567 391 400 783 864 443
10
4 8 6 5 6 5 4 3 2 9
100
85 79 45 100 59 71 34 36 6 91 17 60 93 25 67 83 14 15 3 44 62 23 19 48 54 4 57 22 75 52 51 8 95 27 2 58 31 40 65 82 76 87 64 97 10 72 98 33 9 20 73 7 61 96 37 35 78 66 63 99 41 63 59 90 47 30 74 29 18 46 81 43 24 39 84 50 89 26 12 70 69 13 21 77 92 88 55 16 38 5 94 42 56 86 28 1 32 11 80 68
53
33 20 7 5 17 2 38 39 51 47 13 32 25 29 38 46 41 8 32 12 48 35 52 11 30 36 28 26 31 45 3 19 15 19 42 9 43 1 49 6 4 14 16 27 4 41 34 24 37 44 1 10 40
200
13 158 78 36 72 188 36 171 75 13 29 109 40 77 160 125 96 163 33 152 191 188 94 78 90 130 200 127 157 122 185 18 43 61 6 51 189 20 30 58 101 78 116 131 145 12 167 135 63 182 26 64 190 191 95 27 141 51 55 165 151 83 113 125 38 21 20 152 151 186 198 91 78 33 94 157 29 196 180 162 196 57 10 141 98 168 13 188 185 173 81 134 10 107 22 105 161 76 103 181 88 145 57 140 128 67 113 92 125 192 160 142 168 1 54 164 192 176 93 84 12 105 26 86 97 44 163 39 98 166 43 58 110 153 157 196 194 109 25 189 137 166 80 110 135 84 185 67 162 51 131 94 190 127 11 74 179 22 97 199 164 158 157 32 115 66 83 152 160 180 25 96 6 97 149 200 116 70 168 149 92 50 82 83 99 58 92 119 78 71 140 26 185 39 98 156 132 171 195 53
3
3 1 1
1000
379 585 648 795 362 684 969 839 262 479 980 257 958 167 697 988 835 802 268 181 892 99 226 599 242 258 74 221 222 53 984 837 569 905 783 115 646 327 316 312 170 711 834 36 94 123 398 751 81 986 921 612 667 502 820 997 469 61 88 66 58 288 660 808 201 765 981 199 575 383 662 549 558 782 894 483 450 825 500 185 49 453 717 546 640 762 211 59 475 106 107 572 543 556 9 923 886 428 496 852 942 630 292 193 985 90 91 540 614 368 395 478 661 173 109 716 408 457 158 983 814 507 46 733 748 152 797 389 801 347 265 944 373 738 943 924 698 694 850 838 806 451 44 435 780 296 669 465 680 551 270 413 206 370 620 131 867 442 480 459 334 723 583 982 325 994 14 635 236 279 219 300 114 813 580 798 452 794 561 882 20 324 5 197 135 527 884 190 474 663 204 411 104 959 518 893 295 741 151 286 65 668 574 191 926 153 939 215 816 329 87 637 938 505 208 768 773 582 171 138 977 936 218 498 636 23 766 380 416 602 27 836 902 80 512 169 552 774 420 137 907 401 786 908 934 885 750 673 912 952 909 633 868 596 592 510 12 84 677 223 757 842 897 283 863 391 590 19 742 879 400 402 195 682 143 974 539 866 870 685 929 431 264 326 689 200 554 62 954 303 567 103 610 141 120 146 792 392 931 692 600 890 290 849 910 477 140 615 788 991 641 40 587 657 294 39 321 47 628 731 317 851 869 182 165 355 629 618 712 790 906 800 578 371 473 269 591 864 904 381 525 273 781 970 456 486 130 284 675 405 687 664 267 833 515 360 509 659 764 356 810 634 266 619 375 747 844 911 609 154 220 932 878 787 67 672 627 805 1 532 240 704 70 858 778 611 796 728 345 655 779 298 807 693 111 564 68 624 176 308 481 272 424 691 964 464 314 117 476 250 192 440 720 653 562 229 159 881 441 941 916 966 530 403 674 544 129 98 542 506 737 740 876 845 144 276 683 508 124 136 419 841 843 230 759 920 948 547 576 353 142 177 967 649 949 784 621 495 16 461 491 463 166 406 148 962 526 559 57 545 399 586 335 189 89 409 349 112 425 60 690 336 25 642 829 346 887 951 705 803 77 647 460 172 359 331 950 430 875 79 736 754 534 319 214 503 761 438 320 256 651 729 957 725 521 758 769 536 520 519 54 776 86 749 341 467 186 793 873 423 775 605 847 122 291 819 643 901 271 606 836 429 350 426 470 557 448 888 358 927 274 237 919 287 976 338 394 961 468 118 179 415 363 396 913 168 713 390 33 963 937 92 10 203 93 449 710 333 812 175 13 990 163 589 722 472 313 601 804 972 337 255 24 918 278 898 935 883 709 301 588 160 332 745 563 670 993 846 369 293 439 799 753 719 956 978 973 880 96 155 676 874 548 946 940 917 377 815 2 872 595 915 113 52 560 225 212 708 865 232 311 484 537 900 48 37 492 3 348 386 511 857 102 688 410 968 987 239 493 22 752 71 734 352 686 681 658 128 147 26 718 376 248 458 367 110 259 315 703 51 666 645 437 6 432 903 351 654 285 895 404 971 436 407 840 277 15 862 427 224 818 821 679 382 489 785 945 328 78 577 42 566 184 330 828 116 101 671 307 485 789 832 162 149 514 928 772 388 447 925 29 871 763 340 699 755 631 134 183 235 198 45 125 960 604 1000 366 541 524 247 378 700 613 930 76 992 261 516 445 947 854 202 593 650 791 227 95 417 517 896 955 252 217 238 531 853 714 385 856 145 343 161 35 38 706 243 374 309 721 579 665 297 528 69 4 387 397 361 860 323 995 18 767 41 384 83 234 64 603 455 535 30 174 121 538 209 953 701 412 55 702 859 302 965 254 877 354 715 707 735 82 584 696 43 17 541 32 739 8 695 848 178 443 393 434 608 533 744 304 139 127 100 727 638 724 979 652 570 822 827 914 339 210 73 639 523 157 253 490 494 732 501 529 622 499 433 826 743 156 187 418 180 889 119 246 97 487 150 471 85 899 21 196 75 306 770 263 280 891 644 809 233 678 565 34 811 241 444 251 305 342 249 164 861 632 421 626 133 553 446 260 989 482 244 730 205 550 726 281 504 299 372 975 245 597 454 571 213 207 625 830 72 568 132 462 573 760 365 188 497 488 126 817 289 771 998 513 28 194 414 777 466 855 823 824 422 357 656 7 344 594 282 617 231 322 555 522 616 31 11 228 318 581 364 105 50 63 607 922 108 310 756 216 275 933 999 56 831 996 746
320
257 109 160 213 148 82 14 85 155 188 62 296 262 25 313 44 55 142 125 164 210 79 317 236 110 240 221 143 25 54 152 103 200 45 101 145 105 40 275 35 231 20 114 302 106 303 122 131 13 264 155 296 199 98 318 81 161 135 79 313 9 289 33 294 136 84 36 196 155 300 284 5 238 35 100 213 194 299 264 90 21 132 168 221 292 291 263 214 52 64 216 7 304 179 299 222 290 17 130 306 53 180 81 229 92 71 156 162 69 267 303 310 170 140 103 111 51 13 263 64 239 235 131 226 24 17 299 51 284 251 48 176 247 202 297 122 141 67 210 105 301 282 188 96 218 157 193 60 292 153 141 220 89 25 134 126 172 109 298 273 269 108 4 116 211 124 223 83 34 220 123 283 277 6 286 38 137 153 66 295 161 268 78 44 132 261 302 42 24 222 294 123 116 241 27 8 60 142 179 268 170 33 290 130 119 175 245 174 95 79 308 142 56 263 50 204 117 145 275 72 38 134 142 152 230 246 258 134 267 172 121 145 154 293 48 57 12 266 127 212 281 252 239 291 92 316 156 119 20 158 41 47 223 100 2 140 276 206 14 200 198 118 226 163 92 240 114 158 64 92 84 65 229 291 5 284 173 3 234 38 89 175 108 31 128 73 163 200 62 77 130 156 54 100 40 97 274 64 99 39 58 149 28 93 100 24 192 212 226 114 54 104 284 202 94 119 22 187 8 24
20
3 20 2 2 13 10 18 3 5 15 7 5 18 4 14 10 5 9 16 15
10
9 3 9 9 2 10 2 9 8 1
100
57 32 30 8 41 75 70 4 16 51 92 30 14 51 78 63 28 54 40 58 4 71 84 58 92 2 10 94 32 59 85 29 18 23 11 27 16 2 79 10 97 16 73 2 50 63 49 65 91 91 10 59 10 18 74 61 91 8 30 70 72 59 16 54 95 84 26 44 19 63 49 25 54 4 17 43 61 30 95 28 18 29 32 23 55 25 78 97 50 18 57 25 43 97 79 92 41 3 66 63
10
8 7 7 7 7 7 8 7 7 7
1000
466 120 245 995 34 385 63 587 762 18 542 312 540 533 498 580 898 452 248 323 231 395 351 26 770 619 590 688 14 929 682 952 927 61 258 669 777 607 57 48 32 369 200 346 33 45 716 301 918 448 236 218 178 685 409 380 170 513 627 155 111 257 657 505 386 72 527 529 456 235 496 589 832 137 177 551 720 287 724 593 809 886 735 910 606 610 461 371 25 50 375 246 187 68 539 3 195 981 168 969 729 921 582 599 318 288 298 251 717 451 772 109 362 487 982 848 337 268 700 467 280 28 568 844 222 352 97 660 963 53 363 293 686 965 899 321 267 790 509 368 845 853 581 901 390 142 824 891 842 212 480 978 703 294 983 13 578 630 552 41 214 100 712 977 315 67 812 908 556 784 306 328 329 353 223 672 130 596 746 840 112 750 828 83 477 668 6 638 488 859 82 964 474 839 279 503 875 201 870 209 936 827 655 576 645 960 490 344 998 421 562 933 841 728 755 866 265 144 394 880 849 658 497 974 264 191 309 506 571 94 139 463 226 500 747 967 491 674 517 143 634 419 9 749 190 926 492 224 640 252 221 980 701 317 460 65 691 85 902 364 420 210 30 92 192 310 319 601 233 800 494 340 635 605 615 292 447 152 740 62 968 27 525 765 713 266 959 163 653 708 90 811 567 621 335 341 166 410 916 957 661 127 976 989 459 876 5 783 884 189 854 543 436 47 719 707 398 781 549 450 734 91 939 471 475 88 592 560 113 464 355 391 736 107 77 366 406 878 723 907 785 711 522 738 520 534 780 392 598 667 833 175 646 259 597 823 744 671 603 855 650 331 427 752 199 485 702 132 131 545 730 695 204 128 798 895 17 585 751 400 376 184 230 804 389 29 651 903 557 665 253 574 847 837 586 799 81 822 269 872 345 382 868 429 136 469 994 673 930 23 835 31 286 664 289 129 278 796 988 437 70 479 943 135 550 555 753 561 559 892 616 807 299 631 913 188 874 656 208 813 7 165 383 2 330 690 521 354 689 16 343 133 374 423 150 705 24 860 64 721 693 726 583 882 871 229 966 307 365 1 273 478 118 642 162 764 327 508 473 102 254 285 470 425 670 1000 43 958 938 361 955 249 743 831 115 961 940 250 569 528 256 442 445 44 154 962 213 858 814 161 514 430 426 523 370 149 553 905 704 628 219 434 757 89 787 325 826 123 220 941 439 185 194 904 925 887 991 140 206 22 972 263 618 802 125 869 476 649 52 237 897 516 60 893 851 99 718 502 240 397 151 124 678 453 387 377 573 379 636 923 238 281 565 879 984 305 373 414 829 12 683 93 890 911 202 290 157 504 205 122 789 428 766 106 441 193 692 21 947 970 836 510 297 472 950 211 172 932 402 681 171 274 595 611 234 632 739 633 920 158 846 727 709 659 643 794 558 148 997 512 511 203 803 706 196 625 408 737 993 637 530 49 626 888 76 546 507 367 164 39 431 8 519 518 714 696 697 261 413 302 121 465 756 806 931 526 232 786 617 183 80 98 401 262 271 956 46 73 675 759 801 119 623 435 815 532 852 153 296 928 896 393 788 572 449 275 745 332 524 216 684 820 915 758 86 215 359 748 270 360 639 867 953 676 349 207 699 388 999 604 912 483 680 992 677 810 55 37 865 771 821 59 698 415 489 614 647 145 291 715 19 228 862 909 778 792 11 399 538 58 883 424 575 357 342 577 54 438 69 116 554 486 384 338 468 973 276 570 103 15 609 710 176 320 541 78 74 818 295 996 159 108 761 105 850 455 484 358 608 10 889 243 951 457 372 227 894 242 114 326 652 446 864 308 536 443 731 919 173 861 971 283 979 347 566 336 311 602 169 87 588 454 146 36 422 300 942 773 838 501 179 180 404 84 975 547 563 613 225 174 954 71 797 277 857 990 182 793 481 462 322 816 863 348 934 808 378 795 767 4 591 239 334 924 856 56 612 167 622 186 417 873 948 412 356 830 775 741 946 333 304 944 666 537 722 432 648 805 548 117 51 313 579 444 687 769 316 544 515 679 272 38 282 217 260 110 75 381 782 791 935 624 35 40 834 774 314 779 126 147 350 181 416 641 160 644 584 733 244 629 725 776 104 156 197 564 949 433 825 324 66 843 945 134 985 986 247 499 987 906 531 396 662 95 303 937 760 418 881 819 458 754 411 535 403 405 732 877 101 493 917 241 768 900 742 482 96 79 20 763 284 663 654 198 339 594 440 600 922 885 914 141 817 255 407 138 694 620 42 495
1000
261 625 585 742 748 132 516 135 687 991 29 35 733 635 554 722 32 535 294 43 905 885 307 496 328 400 53 688 497 205 33 694 523 878 226 526 933 795 605 932 598 992 299 787 589 429 504 941 951 509 685 144 652 483 129 456 739 682 463 619 836 541 896 233 289 272 7 234 207 781 788 769 3 621 601 467 676 404 615 409 924 238 404 915 523 392 496 451 373 387 36 272 812 559 430 405 318 474 780 563 467 990 186 18 530 704 279 134 17 38 718 912 338 665 246 499 693 98 233 207 974 685 431 172 701 866 326 749 4 284 699 928 233 600 572 431 103 24 408 926 673 799 729 17 522 552 776 564 619 926 351 436 541 716 571 821 842 374 287 220 389 465 461 213 229 413 271 596 493 40 405 366 91 458 534 77 108 56 128 525 613 944 821 372 582 132 57 609 426 303 534 719 517 170 124 21 733 546 474 943 936 923 927 376 424 75 663 884 181 408 905 879 645 569 388 327 487 430 696 649 786 867 455 443 216 96 152 682 138 97 93 721 127 601 949 294 231 162 306 612 377 966 664 914 224 599 924 13 1000 316 299 315 968 428 894 132 152 666 505 6 236 289 952 289 541 757 782 840 700 659 350 815 280 742 580 458 133 981 580 401 176 327 80 339 286 346 143 218 816 986 514 217 69 573 330 329 117 519 96 566 460 517 36 565 179 112 978 715 350 138 455 758 208 881 199 524 989 596 338 802 219 552 778 207 93 519 633 775 568 298 795 14 711 630 251 429 181 698 296 31 176 568 97 161 955 933 534 288 387 714 994 131 742 457 399 512 236 174 838 725 795 217 890 769 710 920 582 95 451 61 274 380 732 854 351 789 818 84 255 366 918 750 196 978 116 814 743 646 850 42 611 582 794 294 777 775 801 910 758 807 327 472 560 593 621 175 387 684 415 861 239 244 881 609 840 104 614 307 474 735 128 521 387 101 237 941 215 775 540 537 837 488 553 134 796 411 653 999 347 664 253 222 535 628 817 732 166 492 747 47 225 667 201 367 42 807 161 531 354 234 357 939 231 212 656 21 825 806 893 620 62 824 800 521 170 180 255 85 725 763 557 371 140 842 646 441 497 188 536 894 843 994 378 959 642 152 917 861 37 361 778 638 304 468 829 869 15 711 172 284 363 789 263 864 577 982 318 74 445 269 415 19 535 954 987 76 291 859 8 494 507 608 793 573 43 720 175 625 319 62 770 339 309 870 836 802 582 328 457 836 294 353 117 847 275 878 978 883 472 85 657 381 728 68 242 384 753 444 672 463 310 4 482 55 873 949 927 727 427 649 528 745 679 564 833 679 360 757 925 74 15 612 55 493 320 444 915 906 578 904 359 603 881 236 638 706 431 703 703 658 737 435 443 741 417 761 715 508 136 174 529 91 72 22 426 379 48 17 481 495 973 671 390 897 82 939 847 874 940 402 568 574 23 475 542 949 701 971 938 394 350 748 61 152 914 518 449 709 225 974 759 446 738 707 652 798 131 875 431 297 395 754 96 821 415 374 97 30 45 466 974 605 384 287 606 66 289 21 155 188 317 934 474 967 211 926 889 1000 581 486 118 202 98 320 350 111 554 706 696 574 319 572 9 407 441 621 703 837 568 402 644 587 434 859 220 812 884 426 490 580 73 967 496 480 552 610 216 481 925 344 999 185 546 449 522 52 985 241 928 944 908 261 627 699 878 218 920 900 592 707 29 706 792 378 960 85 731 672 990 87 108 855 657 104 371 927 266 58 303 698 68 999 444 409 869 559 561 660 335 966 977 607 650 530 390 809 746 140 943 350 188 285 238 439 903 622 701 74 445 462 315 669 202 939 912 554 728 940 587 631 531 196 420 433 828 1000 924 254 255 236 729 186 675 638 670 697 407 956 542 204 275 533 19 279 861 793 733 364 45 434 237 260 354 422 266 254 671 561 842 898 647 803 419 599 1 521 995 429 361 779 56 929 38 511 994 842 127 812 531 321 610 717 979 297 445 994 170 807 553 353 86 399 406 750 603 863 905 103 347 189 506 162 708 887 937 163 74 992 681 726 129 516 186 717 765 232 558 581 534 265 136 300 366 833 707 115 14 463 962 259 14 114 975 864 5 783 351 156 439 147 922 476 108 928 281 708 401 919 136 124 471 888 972 866 465 107 746 117 81 590 296 610 956 694 777 244 568 509 177 352 431 660 338 289 38 892 220 351 944 741 68 160 417 86 60 632 88 730 42 549 272 124 734 437 893 844 177 56 34 190
100
49 40 79 72 46 65 38 30 71 85 69 18 48 94 33 88 60 12 39 54 36 83 84 37 100 64 76 95 82 8 75 70 15 89 52 21 24 7 19 2 50 58 68 47 77 5 44 13 1 41 55 35 56 20 51 53 67 42 98 17 87 92 97 26 6 86 57 43 11 32 9 4 99 93 31 27 45 80 3 78 91 29 22 23 10 66 61 16 34 96 81 62 74 14 28 90 63 59 73 25
10
10 7 7 5 4 9 1 9 10 6
100
36 85 35 99 9 8 2 10 28 87 78 23 69 98 1 20 44 6 63 62 19 72 25 45 51 49 48 30 100 65 68 42 14 61 57 43 3 83 92 59 40 67 66 56 33 60 16 54 27 41 52 55 12 39 86 29 4 88 91 89 71 95 11 96 58 37 64 38 46 17 31 84 79 77 73 75 90 70 22 18 34 5 32 21 94 7 50 76 53 47 15 13 97 81 26 82 24 74 93 80
995
660 657 388 554 768 89 466 801 334 368 697 721 4 72 696 401 741 853 367 926 484 181 681 930 12 781 992 939 483 133 975 933 217 289 144 906 239 324 944 924 609 174 407 601 913 891 961 517 325 88 646 986 586 247 917 886 220 346 475 283 667 932 499 39 113 894 761 521 741 923 566 899 829 916 261 640 850 27 363 484 647 682 443 367 974 221 806 425 300 458 910 30 892 961 365 7 810 791 638 29 262 590 134 946 317 233 919 639 315 262 108 653 911 934 379 565 252 572 451 62 396 641 982 338 518 358 223 152 343 215 79 26 585 508 193 457 750 743 895 565 192 541 138 227 971 23 851 777 621 106 429 291 636 563 432 608 126 210 340 419 974 694 883 47 56 686 385 712 537 440 120 359 787 488 155 488 335 816 691 334 557 737 776 158 709 343 691 756 375 153 868 853 98 915 476 548 12 918 983 380 89 38 515 68 165 291 73 627 64 859 956 788 842 256 150 793 246 889 259 668 199 522 337 750 103 935 765 131 869 150 456 653 387 582 893 347 955 289 74 332 571 887 263 731 930 516 170 94 980 825 266 309 705 105 543 355 961 767 849 129 416 995 63 135 948 493 461 231 114 786 583 766 387 147 652 364 807 462 969 449 401 712 830 432 310 628 623 745 729 909 152 878 856 707 615 742 212 118 575 518 823 872 434 687 764 241 634 350 58 642 99 70 783 835 967 824 375 361 159 316 745 629 272 182 809 445 412 407 255 861 951 298 779 469 566 145 467 216 40 28 381 529 759 607 779 405 391 362 915 464 249 155 899 711 772 796 402 225 914 388 813 214 798 541 258 301 213 274 111 736 783 882 670 130 190 311 532 60 313 530 341 951 823 840 127 158 972 816 797 444 377 221 421 957 33 763 290 648 260 789 690 160 2 627 510 201 43 395 307 972 941 341 219 880 249 202 8 687 603 224 594 303 777 165 780 817 764 931 496 677 405 155 411 833 589 739 598 473 114 889 389 564 505 846 921 372 42 568 667 288 471 195 37 558 472 815 865 948 773 321 726 380 78 454 176 66 282 649 53 701 474 297 101 238 542 121 446 844 655 376 444 990 284 890 733 848 536 384 142 702 75 120 447 232 753 155 708 946 361 578 404 516 874 626 813 453 549 692 968 405 397 532 463 51 438 597 330 537 349 961 117 262 801 491 555 864 507 254 619 296 149 512 409 981 519 620 169 799 752 312 873 550 706 919 906 312 870 717 433 952 805 18 596 818 299 345 399 535 539 820 959 418 769 158 717 640 989 132 481 910 482 676 748 550 81 284 655 205 785 760 497 417 716 538 414 119 232 299 665 198 993 439 826 421 525 922 584 52 744 500 270 156 774 470 122 481 495 614 93 85 980 905 942 855 428 897 958 915 730 847 677 369 380 204 443 710 180 878 871 383 25 421 302 229 491 720 613 293 731 976 95 290 320 884 528 943 458 935 82 480 381 718 685 229 573 806 275 642 448 287 903 933 352 124 328 122 925 251 35 643 559 669 348 141 644 57 903 504 569 746 445 709 929 606 77 322 123 374 756 427 102 856 359 770 456 906 15 455 277 30 59 344 988 435 378 977 370 845 834 228 757 301 500 244 550 684 442 735 378 152 406 527 643 491 170 1 667 351 485 410 55 821 587 684 618 11 17 967 944 650 279 490 711 867 35 235 716 866 901 879 593 938 86 265 18 790 203 402 400 65 661 512 396 136 839 272 513 339 207 613 937 540 2 612 288 264 148 176 800 154 658 897 244 229 622 10 356 298 167 534 678 9 964 28 929 13 190 509 373 48 393 557 309 304 828 109 552 655 604 125 584 518 361 84 169 323 478 561 896 526 907 423 862 960 14 303 709 914 87 751 393 707 908 436 625 609 763 693 976 306 206 360 479 139 953 341 782 391 268 166 591 944 192 50 912 293 108 948 245 908 143 556 944 171 673 758 671 635 633 878 592 766 100 250 455 302 350 236 605 209 52 41 36 183 63 837 820 836 904 675 892 43 295 579 335 688 985 473 382 921 823 752 929 611 487 36 762 20 601 945 449 263 351 342 618 651 181 151 614 535 267 682 420 208 883 843 506 740 674 146 875 771 304 703 96 50 211 594 237 425 821 704 5 39 699 234 520 265 916 636 754 173 196 348 510 253 796 567 191 514 650 319 767 841 671 421 437 659 31 294 314 387 86 170 680 640 984 286 678 249 45 195 854 281 329 242 14 325 617 21 446 398 581 632 408
320
233 142 249 50 232 132 39 136 30 49 16 304 111 134 251 61 4 281 225 95 94 77 136 200 208 213 267 52 267 116 120 230 146 258 157 150 314 304 203 24 207 146 174 150 205 114 148 79 19 159 128 151 160 242 230 151 88 216 196 13 300 89 12 12 39 301 66 123 278 282 82 271 197 84 5 119 93 43 307 266 237 30 101 9 240 13 82 96 210 113 45 133 259 102 281 42 121 173 285 72 60 280 153 193 298 278 282 182 169 233 36 85 68 184 268 23 47 88 105 258 98 143 310 175 126 232 146 51 130 170 300 22 278 110 188 228 226 75 18 289 166 193 180 57 223 227 198 206 16 19 169 291 318 303 145 197 214 83 135 33 248 256 16 126 188 198 172 159 262 5 8 84 258 173 2 217 272 209 44 129 21 309 125 192 51 22 101 32 3 196 267 40 40 154 108 259 108 79 160 224 30 317 87 178 141 191 316 280 310 57 122 19 202 24 192 108 18 153 169 167 91 290 117 124 83 257 62 246 130 45 320 211 293 209 164 254 182 316 153 180 133 34 278 74 285 99 51 72 277 57 261 63 90 161 202 262 68 69 286 141 253 251 163 94 248 230 70 214 175 313 78 138 116 250 132 254 257 72 225 296 14 223 62 20 82 73 10 308 136 222 307 115 284 108 311 284 132 118 296 163 70 135 179 129 232 101 266 36 77 169 224 292 231 86 307 24 319 280 105 117
571
137 233 205 410 465 359 569 313 463 521 76 520 321 28 327 482 19 286 27 71 439 288 386 197 326 488 87 204 333 198 4 522 352 167 290 222 456 452 312 180 178 448 255 329 351 146 567 276 53 380 461 114 238 231 151 208 454 328 118 269 314 411 49 332 57 319 46 540 61 348 253 497 236 341 50 11 442 382 21 325 483 535 89 75 369 31 432 468 502 259 427 529 374 213 296 161 177 306 120 371 451 489 1 220 130 368 293 251 477 486 67 184 226 292 48 495 396 283 263 80 242 179 154 133 377 331 282 310 164 32 59 393 364 169 215 99 358 268 300 443 254 532 5 462 401 111 170 267 320 426 510 224 24 304 37 55 509 515 500 517 96 484 506 129 349 473 97 235 533 187 440 339 249 243 548 303 455 221 551 417 142 188 199 157 101 384 387 185 346 492 519 555 479 189 480 301 481 72 13 230 183 345 82 360 202 422 342 541 20 23 174 516 409 538 518 277 6 361 311 513 94 514 458 144 334 168 73 135 534 201 445 78 44 366 562 365 176 264 163 155 568 423 530 354 227 237 405 108 281 428 86 402 60 250 7 547 51 30 299 459 315 318 162 63 450 373 117 132 322 403 376 340 275 470 241 257 418 557 105 526 295 449 131 74 399 546 404 527 232 41 560 52 127 389 407 256 511 38 491 258 211 173 22 466 152 40 543 200 564 35 171 18 287 307 69 385 45 381 438 421 278 219 367 104 136 8 350 10 471 3 33 493 29 196 464 544 93 106 415 388 43 195 559 266 553 363 379 70 561 336 317 123 397 372 429 234 416 103 280 26 525 309 194 566 245 570 302 542 475 107 124 62 554 244 210 436 148 434 116 294 262 289 490 175 391 435 270 39 66 507 316 92 335 128 523 125 2 203 216 457 160 252 147 239 565 214 323 501 504 395 337 90 84 420 499 556 247 524 145 83 65 444 406 400 571 126 150 36 424 223 191 166 467 441 375 54 217 413 79 209 9 102 140 545 271 156 431 531 460 324 370 138 291 472 64 47 563 186 539 182 558 305 378 433 143 91 110 88 394 14 353 503 112 261 85 357 98 528 68 246 212 113 181 412 398 298 383 274 122 172 192 190 494 34 273 550 139 159 487 498 552 414 149 469 408 25 284 58 17 478 297 549 343 193 158 153 419 228 447 16 508 344 248 285 355 437 207 446 392 279 42 81 134 229 425 119 240 121 260 141 165 100 474 453 308 272 95 430 347 496 77 505 330 265 536 476 206 115 225 15 56 12 218 485 109 338 537 512 390 356 362
997
198 879 310 532 519 872 414 134 887 844 286 195 246 404 964 273 607 924 42 367 855 197 715 52 967 568 470 725 522 199 676 208 125 472 699 24 629 190 915 839 126 600 165 464 585 171 417 654 691 741 652 613 506 263 331 679 712 776 994 337 28 221 357 115 885 15 951 799 411 315 113 853 888 986 580 146 644 857 201 932 589 984 845 520 957 743 122 791 745 356 893 565 542 708 385 136 946 2 488 744 989 798 13 562 692 577 903 375 813 504 611 295 213 747 655 571 514 525 868 995 609 55 637 560 273 618 393 43 428 9 622 229 618 959 926 473 787 595 619 929 609 982 11 91 904 511 576 22 695 387 603 278 868 166 134 705 831 514 188 70 431 503 304 948 592 77 425 64 29 801 390 547 65 864 242 137 541 690 764 877 881 138 476 978 437 826 739 616 330 16 670 442 555 136 235 397 116 884 563 633 132 36 628 181 506 668 630 889 725 290 381 284 615 552 2 790 803 58 495 35 251 732 622 222 897 314 216 556 516 987 536 302 487 824 455 366 531 268 654 759 587 814 440 952 598 144 954 965 548 433 31 584 292 826 319 866 502 84 412 117 778 926 274 129 737 71 30 83 226 264 252 920 16 450 76 793 591 858 271 412 944 407 582 135 665 88 448 548 802 962 371 101 638 343 212 849 712 695 439 767 841 432 382 400 318 372 605 436 963 327 47 578 961 686 595 574 293 204 704 942 788 772 685 895 834 408 560 805 415 14 55 365 746 171 599 554 60 432 438 247 806 928 821 725 350 387 202 175 550 33 848 473 719 378 40 409 688 429 791 320 272 738 179 107 329 345 306 294 862 874 283 276 730 163 421 953 313 587 615 850 988 243 867 761 326 878 812 675 96 244 822 889 539 172 162 398 332 902 518 693 930 970 395 792 397 948 940 782 523 660 617 472 974 766 331 685 59 982 18 527 254 717 41 631 763 546 307 268 762 247 161 338 89 817 603 420 756 921 639 245 218 109 333 45 869 890 831 158 573 434 907 981 192 469 337 485 968 797 44 193 977 896 873 298 804 36 456 499 369 674 649 664 425 828 985 261 257 642 931 402 296 650 735 128 785 594 211 339 675 377 728 961 286 950 633 691 104 260 354 825 74 410 65 453 816 61 86 875 768 940 301 395 564 158 685 347 412 360 544 551 749 3 490 825 794 849 624 659 203 370 675 621 220 984 6 956 255 996 393 680 25 121 852 180 353 621 451 803 505 17 689 143 740 481 324 589 545 769 738 118 653 532 12 992 597 255 724 796 859 89 414 205 115 621 861 527 151 231 561 829 575 656 637 127 482 187 141 323 891 975 353 249 857 693 979 683 835 480 972 391 459 568 21 120 766 40 894 413 121 444 883 953 625 174 753 183 577 993 139 608 574 131 885 287 521 785 733 445 383 236 941 85 394 904 617 73 918 684 892 536 66 92 55 57 789 236 934 543 370 311 459 734 620 969 614 336 887 627 150 410 103 726 217 901 285 176 937 452 281 400 203 74 401 291 457 923 662 639 698 270 389 913 795 362 300 94 653 549 742 40 660 645 349 610 977 537 204 22 112 406 758 951 810 27 228 589 385 66 500 908 789 87 929 467 72 946 535 925 338 344 604 484 656 469 478 810 361 316 192 331 710 705 342 681 182 800 910 392 177 727 832 976 75 67 696 41 886 846 367 632 531 580 494 196 451 533 580 377 590 227 833 460 863 161 29 605 629 936 944 142 245 86 890 747 289 983 655 935 660 233 36 184 806 815 305 61 538 223 586 282 265 783 997 525 604 431 95 110 156 934 84 905 186 260 422 185 824 170 746 458 809 375 596 463 784 446 221 626 263 179 399 271 249 462 666 186 190 682 401 691 477 575 915 269 474 127 960 466 102 838 140 883 824 26 539 54 754 78 424 281 330 237 780 917 5 766 966 432 335 768 820 396 90 870 475 658 605 364 308 570 822 79 82 97 916 324 325 292 309 626 794 317 842 913 230 60 970 661 208 374 285 508 189 178 368 51 261 145 970 209 168 553 807 208 63 503 451 459 770 805 136 647 358 342 153 278 412 49 363 736 633 491 636 524 534 210 105 965 552 842 351 667 386 973 657 123 465 700 740 694 256 69 639 218 480 744 123 922 972 611 989 854 196 638 206 26 715 536 483 642 865 572 104 419 170 788 991 665 447 887 150 898 384 190 277 567 105 760 131 267 748 933 542 907 750 646 731 775 101 878 46 468 886 955 677 275 906
10
9 1 1 5 9 8 1 4 4 5
53
19 48 49 3 51 49 18 32 8 7 44 42 14 50 38 1 23 30 3 12 20 39 11 48 33 27 35 46 45 6 32 25 8 47 16 22 5 9 15 43 36 2 21 37 28 24 26 2 53 10 31 41 4
873
873 697 634 182 22 478 207 15 601 686 247 860 709 186 296 583 166 347 193 766 209 510 378 148 837 19 504 725 357 132 735 213 197 189 804 131 161 82 576 652 89 403 346 107 375 681 427 55 677 354 491 59 437 390 799 173 558 640 116 168 683 285 201 154 456 283 293 483 547 151 752 627 392 224 832 280 560 215 575 172 484 469 103 850 4 364 490 14 549 759 473 858 155 664 687 81 848 10 830 726 761 541 699 153 689 700 342 278 553 694 365 156 546 870 843 594 286 630 125 180 114 825 20 596 602 581 701 517 118 250 31 605 454 732 446 99 718 574 755 510 626 162 65 746 297 95 569 467 679 686 856 311 320 662 430 184 519 1 524 792 260 775 867 641 793 9 552 471 796 466 384 670 277 104 94 604 744 795 786 566 198 556 660 580 443 397 243 505 72 117 723 378 110 41 624 85 54 815 840 516 674 167 592 584 316 126 221 836 839 463 653 768 757 252 485 494 871 475 306 501 743 225 489 386 275 816 263 457 359 532 487 849 682 503 67 651 42 251 632 115 497 625 398 794 758 47 2 424 468 422 146 214 767 520 646 857 281 782 852 496 571 765 800 178 603 565 232 738 190 258 368 252 518 344 246 854 71 400 696 415 170 208 351 336 445 176 358 647 83 179 52 559 64 267 573 135 169 597 202 714 477 262 124 808 108 523 684 545 188 370 452 730 76 431 222 407 586 123 191 143 105 440 680 851 292 5 716 568 211 676 453 74 588 440 734 777 130 477 869 418 38 63 348 389 828 618 550 78 865 145 739 46 805 308 185 416 356 319 218 703 432 663 707 420 395 409 256 787 411 451 690 300 818 113 200 36 563 288 270 678 101 770 639 717 803 324 343 600 859 829 244 669 728 470 68 328 303 382 656 220 265 294 710 593 655 823 204 238 773 513 171 699 399 133 325 620 381 506 444 658 508 788 429 708 537 864 562 290 245 713 345 226 599 402 750 91 763 782 749 457 582 299 514 428 438 158 18 704 274 617 163 11 137 872 783 751 472 796 442 338 810 745 269 196 695 149 43 861 90 284 371 235 61 441 845 685 814 408 331 242 801 3 806 815 27 862 421 712 295 844 555 635 140 35 160 833 322 595 377 45 554 70 29 813 385 134 515 826 567 112 16 49 337 691 289 855 102 522 22 266 199 50 577 673 279 544 809 332 747 360 111 754 406 572 578 811 426 722 272 362 309 177 394 668 781 449 613 760 644 702 228 379 846 619 230 187 776 557 120 362 657 8 157 868 610 51 821 645 349 527 37 539 206 205 727 611 512 318 25 57 369 460 623 661 307 298 459 21 675 339 542 264 152 529 789 493 439 585 87 698 165 509 240 233 715 341 254 169 128 479 327 174 649 841 589 175 17 359 564 590 24 338 464 56 249 302 790 77 534 742 144 764 13 301 543 93 88 774 48 372 737 12 383 373 616 638 119 436 350 183 276 393 608 304 164 271 455 376 315 827 241 92 352 731 666 819 142 448 257 214 30 127 612 481 287 353 791 628 312 212 705 561 724 461 721 243 540 736 401 69 802 842 28 388 458 769 62 390 759 237 866 335 538 462 741 219 383 122 495 39 216 729 414 498 366 404 622 413 195 323 499 785 502 688 654 482 218 159 282 762 748 756 533 6 79 621 521 129 84 812 847 417 80 447 66 672 631 253 835 288 484 405 853 540 629 419 229 465 771 817 779 75 121 720 310 780 643 797 86 820 248 822 305 314 147 692 536 507 698 255 834 431 326 361 570 474 32 355 317 606 435 109 7 434 798 650 733 476 141 838 551 195 488 511 772 433 136 637 329 227 33 526 412 531 633 706 607 614 667 753 671 150 824 363 807 34 636 106 73 480 60 268 273 643 334 802 719 778 330 410 26 210 423 223 548 528 591 259 139 192 374 535 659 333 138 579 492 500 96 831 387 44 98 486 380 181 396 23 100 587 203 530 863
100
50 91 40 37 64 53 93 20 16 71 100 18 60 3 89 89 84 5 4 66 24 61 11 79 33 43 12 71 88 40 58 31 68 68 19 78 48 39 94 36 47 81 10 26 62 67 87 83 82 27 8 45 55 23 74 80 76 7 81 91 97 85 42 6 46 99 38 29 64 91 69 77 32 9 21 22 90 54 18 72 44 6 73 55 75 2 82 13 40 46 51 7 88 57 71 67 98 63 41 52
20
19 5 6 6 6 9 15 4 18 4 6 19 2 20 10 14 4 17 11 6
100
97 6 10 89 66 10 10 78 58 98 47 45 86 90 32 17 52 14 73 11 3 16 15 5 14 19 78 33 91 62 49 93 49 12 56 86 35 2 69 67 92 19 84 79 75 97 93 64 56 5 28 74 95 73 24 33 8 68 15 7 88 14 61 90 26 24 70 17 62 40 50 60 26 17 13 13 15 96 54 56 44 43 47 1 84 75 36 53 55 48 66 68 11 56 78 8 84 6 65 12
10
5 9 1 8 1 9 6 4 8 3
100
74 79 17 50 85 78 46 7 18 25 51 28 73 96 92 2 7 1 55 42 51 66 98 23 36 53 100 89 37 97 11 84 29 76 56 5 76 31 48 52 19 40 37 7 39 58 99 65 81 80 4 35 9 77 64 81 47 69 13 56 54 22 20 88 95 54 94 91 87 10 86 3 90 15 27 59 93 74 22 67 63 25 24 68 57 24 72 12 41 33 71 26 16 31 75 48 64 84 70 45
50
20 22 30 32 47 49 38 37 25 8 25 11 27 2 44 45 24 35 29 38 10 2 3 17 11 29 50 12 19 3 21 44 42 20 18 41 8 7 4 19 35 33 40 15 3 17 14 36 6 27
10
9 6 2 1 7 1 2 2 5 9
20
2 8 12 13 7 2 1 10 2 19 8 5 6 8 5 6 8 2 3 12
59
28 9 7 19 29 54 8 35 11 34 28 27 36 24 30 42 26 4 48 1 6 20 32 33 59 36 14 58 18 17 47 21 38 44 58 16 52 41 51 25 23 26 21 39 57 53 43 50 22 13 15 40 2 32 57 55 46 55 31
400
174 155 89 113 164 177 348 124 13 134 241 139 40 133 153 20 64 309 371 77 245 353 311 298 199 215 357 302 279 389 280 336 52 178 163 102 116 255 93 334 386 183 160 141 199 218 176 126 374 97 247 128 327 239 51 10 29 275 240 131 308 344 81 121 375 384 243 104 187 252 87 249 294 23 52 362 235 88 334 321 120 83 54 297 30 56 62 206 224 119 266 246 370 340 289 135 356 365 245 223 1 157 380 173 316 277 214 158 400 61 2 218 44 3 347 378 37 180 373 359 143 31 307 109 227 341 112 232 50 393 32 320 194 148 65 377 221 233 322 219 2 395 31 87 215 111 358 238 22 28 207 201 36 274 1 258 37 256 282 339 376 382 253 61 333 343 90 246 1 27 90 136 182 271 37 84 228 201 115 166 120 229 11 6 190 37 290 354 5 350 49 304 256 153 46 126 314 130 305 181 242 358 137 83 242 231 244 361 14 33 230 299 105 260 368 234 1 278 248 25 293 286 49 337 276 137 91 16 202 363 207 12 397 70 387 311 250 19 398 188 367 67 318 254 292 349 285 306 105 267 165 225 222 268 164 58 202 369 381 7 57 131 49 307 51 42 329 86 57 82 24 170 98 126 296 60 216 360 156 304 78 123 91 96 35 106 303 28 346 66 162 125 259 80 391 345 132 59 233 92 128 159 372 324 144 180 189 261 26 183 4 376 361 312 313 94 8 170 150 185 103 149 318 281 55 230 222 374 47 334 107 87 95 209 317 319 90 79 235 50 223 350 389 287 39 362 338 195 142 351 213 251 331 212 331 335 130 200 41 3 154 361 168 356 276 279 203 394 284 237 184 161 99 115 17 140 18 68 190 69 291 325 73 211 22 178 270 360 172 349 32 184 383 23 301 6 352 108 187 220
500
74 300 92 63 185 221 109 117 495 371 5 485 149 232 202 42 487 379 293 365 45 99 279 91 261 497 484 169 166 93 145 177 342 337 171 260 190 421 323 178 135 104 220 315 464 462 470 61 119 226 106 383 424 311 467 299 215 181 385 452 223 326 380 480 469 17 179 235 161 486 214 361 208 33 457 499 139 82 382 186 344 141 222 421 108 125 283 15 233 13 254 331 6 197 319 366 188 406 89 326 430 36 37 4 73 53 446 244 11 337 89 21 184 71 150 427 474 201 96 290 332 275 271 359 278 487 79 175 393 316 333 260 419 180 387 39 200 461 488 6 434 312 123 480 433 310 204 159 240 273 192 242 21 439 191 11 72 55 24 157 98 183 284 412 427 422 91 361 335 90 322 386 111 140 478 353 489 59 238 45 292 362 70 179 248 154 122 14 493 473 150 181 475 47 78 185 157 72 41 22 9 376 198 443 150 205 390 227 204 410 76 100 429 147 467 309 63 354 170 48 446 21 70 359 220 202 498 397 432 321 76 500 436 305 120 225 462 121 3 364 56 203 285 81 208 231 169 296 351 412 29 136 78 29 243 355 456 203 22 385 427 386 187 324 352 292 153 449 419 155 420 143 3 162 392 279 405 151 421 205 34 495 326 7 485 482 60 387 8 357 156 431 476 475 464 47 369 304 31 352 16 500 384 325 175 156 124 491 281 219 300 56 319 199 211 277 163 416 195 253 165 50 182 277 159 312 404 181 34 163 314 10 101 361 377 121 132 482 425 274 455 307 262 370 452 413 252 274 287 5 30 82 72 44 148 185 330 483 225 283 318 435 276 358 50 171 200 12 138 355 498 384 285 210 104 471 390 393 206 341 311 127 429 68 64 177 394 86 257 218 166 165 444 98 252 328 267 280 137 306 315 107 95 420 474 146 14 389 209 296 74 186 117 204 440 14 95 438 5 129 496 106 445 189 413 281 458 252 345 250 184 213 258 375 451 413 292 80 237 42 299 185 397 399 169 411 500 156 47 287 294 49 88 207 309 249 70 283 312 404 138 313 4 229 435 394 396 145 127 428 373 415 79 398 66 372 16 286 47 423 364 285 343 416 108 187 57 266 143 24 198 45 71 143 37 101 84 476 26 408
144
128 30 64 72 3 38 57 101 44 97 72 14 90 83 80 102 53 20 61 18 126 34 11 109 62 11 141 87 70 117 109 138 103 22 40 53 81 3 115 46 32 16 91 82 13 127 104 84 140 65 54 58 36 122 93 17 22 120 67 106 19 28 108 117 96 98 137 103 104 75 2 24 1 56 61 37 107 14 17 60 34 132 47 68 139 76 105 118 97 144 43 65 142 41 124 56 89 110 2 109 55 39 68 47 51 25 6 42 36 49 86 63 83 116 129 114 64 69 78 48 23 54 64 27 23 8 33 9 43 90 2 29 113 112 77 56 7 90 131 21 131 93 99 45
969
36 512 304 211 570 236 222 502 576 747 866 830 237 789 213 364 105 54 412 219 410 849 749 319 338 944 766 351 633 786 321 741 961 563 607 902 183 471 960 114 801 75 59 614 330 933 48 401 594 505 70 757 860 317 91 730 343 939 876 669 91 853 798 874 897 794 415 118 554 194 275 836 630 787 529 820 227 620 290 681 615 816 369 247 192 444 134 951 566 611 894 249 644 83 863 316 794 74 449 45 889 356 49 773 100 846 308 399 575 352 588 455 717 192 204 471 800 478 398 126 350 255 500 150 623 657 115 487 69 301 918 480 738 692 553 604 598 549 670 957 67 901 875 424 809 841 675 128 479 916 23 36 758 201 142 899 560 775 659 585 138 680 691 489 577 915 713 557 273 958 426 164 813 790 202 426 422 76 931 109 690 361 967 695 62 698 244 1 862 288 703 794 212 459 312 417 389 732 324 685 701 839 228 912 39 376 64 173 746 292 37 221 885 672 165 239 57 661 578 438 446 179 200 524 499 617 579 523 778 716 137 89 927 423 282 108 935 936 386 355 666 930 408 380 618 914 11 336 809 562 166 431 169 402 624 225 878 599 847 744 844 251 15 153 267 545 572 519 556 9 263 372 458 696 371 419 297 864 435 628 430 261 56 437 679 718 795 796 257 265 117 279 72 756 643 210 377 159 30 852 764 191 868 129 606 656 439 761 711 582 481 616 184 536 84 745 1 842 164 881 898 165 859 907 375 449 728 906 250 38 324 595 433 104 518 208 893 527 922 788 653 794 493 114 124 462 503 25 483 596 79 185 920 26 684 660 467 299 331 642 150 242 954 950 238 445 214 495 527 287 843 318 456 283 664 911 590 53 151 147 348 174 425 517 189 686 379 128 234 345 687 14 31 346 828 465 851 367 260 705 307 457 821 315 729 538 895 721 335 759 8 387 486 354 528 181 229 470 374 333 248 388 78 476 243 700 600 443 674 88 665 748 645 262 817 136 485 504 883 235 694 141 450 93 626 83 298 753 649 52 929 206 187 373 149 966 303 65 241 19 645 882 167 217 660 963 281 835 641 707 319 938 613 154 855 574 937 210 562 7 102 511 121 363 890 268 953 13 52 140 658 5 613 3 625 650 916 209 943 434 477 165 815 160 452 414 678 913 400 714 871 535 750 266 638 144 163 762 4 51 630 46 56 175 218 910 688 427 715 277 289 366 697 609 949 475 640 850 488 411 601 119 21 482 845 921 561 710 132 90 903 342 944 712 577 226 646 360 552 900 904 180 468 651 99 880 264 165 20 603 969 520 856 416 776 231 17 196 121 223 566 516 722 463 148 770 782 959 232 727 799 17 197 12 269 602 737 340 305 605 63 113 365 353 541 934 271 803 130 73 693 99 171 886 564 71 492 392 224 314 442 838 325 755 407 378 908 780 383 186 339 286 765 857 91 32 708 172 685 18 522 498 319 460 866 328 702 872 638 294 571 858 725 123 810 837 941 349 888 577 832 26 622 207 86 406 484 190 501 494 808 869 621 955 584 17 440 510 760 491 421 884 509 720 488 783 420 97 162 797 441 591 523 548 532 293 719 44 195 540 145 396 683 865 135 526 156 551 203 310 131 513 106 436 34 192 28 161 107 763 87 256 752 296 309 689 802 824 258 382 940 825 362 801 329 534 127 384 673 829 96 592 942 98 947 178 285 276 497 323 774 569 917 413 952 16 2 781 448 370 168 68 284 733 148 768 925 157 593 253 278 302 52 10 120 254 395 403 246 506 739 472 833 751 811 767 610 854 946 818 527 731 143 824 785 637 724 233 198 834 567 259 662 469 923 240 443 507 107 589 880 245 709 453 220 92 133 95 342 27 932 29 627 535 474 390 368 250 891 182 793 734 82 85 655 779 682 784 186 677 848 432 466 306 704 870 358 313 652 634 831 461 125 347 826 146 77 514 736 581 43 172 122 648 619 814 542 586 726 706 35 397 907 300 550 754 176 418 909 332 393 391 945 792 579 671 396 667 142 188 772 45 919 8 965 52 81 216 968 41 612 699 409 447 489 629 949 543 429 394 539 296 170 158 177 547 537 924 743 6 103 740 152 597 521 654 525 771 341 608 822 580 272 33 812 42 546 827 861 639 735 357 805 139 205 840 270 527 57 583 112 490 636 60 544 454 80 926 533 280 50 337 823 668 404 806 734 111 777
100
3 25 50 69 14 75 2 39 60 80 42 89 51 99 29 74 18 65 23 4 66 93 32 36 83 55 37 68 46 10 12 20 78 8 47 48 26 54 17 28 16 7 15 85 81 24 97 90 6 59 38 56 45 88 63 49 92 43 79 22 52 77 76 27 82 71 87 58 21 44 53 33 61 13 34 63 30 40 19 9 72 70 57 35 64 41 11 1 94 73 86 96 95 62 91 31 100 84 98 67
20
10 10 20 2 19 1 2 10 1 4 3 10 18 18 16 10 14 16 12 12
572
29 243 49 64 535 517 493 451 47 411 298 45 257 247 521 143 538 206 22 363 536 42 197 530 134 106 169 194 148 95 34 180 56 235 345 404 149 224 511 357 15 410 397 512 572 350 13 483 284 52 540 201 209 435 409 51 503 513 294 430 434 8 432 507 416 171 205 395 216 1 389 362 249 27 343 132 105 191 218 421 441 263 346 504 356 344 226 159 190 375 5 98 529 418 146 352 339 368 244 77 120 450 335 546 142 156 162 489 320 138 314 39 457 193 110 447 210 522 533 79 24 234 531 419 14 309 286 81 155 141 102 76 73 196 341 107 318 179 366 175 567 396 103 297 158 390 57 338 150 128 41 569 38 116 406 269 351 444 40 66 319 454 497 433 388 501 59 492 140 36 271 160 178 470 74 458 113 475 558 259 541 495 82 465 251 285 48 331 449 334 480 485 86 412 50 71 101 385 170 471 408 123 347 303 172 195 97 462 534 84 302 144 254 491 92 213 554 112 260 231 484 509 564 300 266 227 239 324 306 311 304 187 378 87 552 23 253 252 182 393 327 245 384 563 188 28 423 246 443 425 12 446 333 478 65 208 9 392 326 37 415 118 130 469 516 225 459 69 165 232 299 31 104 70 108 332 265 508 399 461 310 219 211 167 238 328 498 466 420 440 379 559 403 279 241 455 464 44 277 562 391 549 46 336 544 520 220 369 337 398 230 400 80 348 537 54 359 168 161 109 272 486 292 288 17 296 518 240 164 89 553 222 373 330 16 307 126 514 99 551 223 293 308 438 555 242 524 487 262 91 124 215 281 349 125 10 147 556 290 323 545 72 329 488 295 11 204 452 185 133 548 19 122 380 372 228 376 233 417 21 7 523 88 527 275 525 200 561 439 510 189 137 184 202 90 566 154 305 78 139 322 32 365 270 250 181 291 18 55 68 85 248 229 358 119 255 543 317 422 494 313 157 431 340 405 490 386 33 186 236 539 63 361 463 321 496 4 114 371 217 289 256 198 145 436 429 43 301 528 163 407 96 214 453 121 174 35 367 3 428 374 100 61 212 506 377 287 467 264 2 499 274 127 129 173 414 568 268 115 267 117 448 199 426 472 401 437 53 557 221 136 282 381 342 237 445 131 468 565 20 479 383 502 273 570 473 111 278 26 515 526 394 354 547 519 67 25 258 560 413 542 58 481 203 571 60 456 482 83 402 312 283 261 316 152 280 135 532 355 460 474 151 62 353 500 382 192 6 325 183 424 364 93 94 177 207 370 166 360 30 276 153 476 315 387 442 550 477 176 505 427 75
10
10 9 9 10 4 10 5 10 3 5
320
228 236 269 209 65 191 235 288 258 299 86 133 17 103 92 80 55 120 66 140 242 189 27 217 216 56 111 104 38 279 25 282 59 153 180 72 263 146 121 64 188 136 61 300 11 294 73 283 232 223 219 143 197 127 317 297 60 147 50 202 95 226 44 261 221 152 10 128 62 303 271 74 118 43 93 122 31 4 181 116 51 243 256 283 46 286 165 45 155 222 276 48 41 125 300 77 267 195 148 68 10 313 126 281 178 218 211 264 23 232 71 143 230 314 299 159 317 59 253 89 274 105 30 224 198 15 174 305 67 268 108 228 18 40 21 306 144 316 24 4 313 79 183 122 7 81 169 258 198 102 222 266 146 197 30 35 210 80 229 24 261 246 146 14 32 237 183 31 26 313 61 301 14 39 5 86 145 140 308 139 13 265 287 108 208 53 150 158 185 117 28 191 141 268 245 8 163 201 125 82 166 193 292 71 148 70 129 138 236 200 204 91 75 275 193 162 106 21 296 304 240 83 125 264 140 177 11 226 87 117 55 108 299 86 207 203 182 277 220 85 243 285 320 103 52 172 193 240 114 251 115 130 57 204 21 143 141 249 143 205 103 151 175 210 109 307 168 186 315 47 47 66 82 90 49 54 280 211 303 142 196 176 263 40 119 289 3 132 318 155 233 179 164 134 185 36 133 148 192 252 277 66 189 19 93 316 214 260 319 91 130 99 156 144 212 58 97 128 79 239
100
24 59 6 97 55 98 71 51 50 19 79 3 99 7 65 13 76 84 62 5 100 2 42 72 56 39 52 1 4 53 4 23 39 77 36 95 66 34 34 69 45 61 37 91 16 14 32 93 11 67 75 53 15 57 58 89 92 52 88 17 96 20 10 80 12 22 78 47 97 82 64 29 16 40 87 84 48 8 97 36 84 16 59 32 39 3 57 9 26 14 39 60 1 25 63 37 70 81 68 94
128
100 107 66 118 62 44 116 75 76 65 7 99 102 33 88 127 7 100 44 25 100 9 33 90 61 107 102 25 112 45 36 22 16 89 74 106 80 91 68 25 23 7 18 49 29 33 126 1 118 75 66 80 31 35 10 101 26 51 35 20 117 18 58 96 87 53 98 40 99 57 91 86 31 47 109 85 126 24 49 101 69 103 101 7 22 54 65 113 34 24 50 37 59 50 66 60 96 73 48 93 96 108 3 30 28 36 44 13 121 2 81 18 40 48 105 75 102 128 43 37 7 12 84 48 106 47 22 85
1000
554 755 147 712 804 333 542 176 76 335 754 326 298 611 979 707 283 123 788 309 839 203 817 975 781 86 43 65 812 334 741 245 197 655 875 646 127 608 296 645 453 131 69 662 489 156 719 598 968 364 678 75 130 173 7 896 902 843 999 874 913 479 996 82 348 894 750 673 529 228 338 354 461 878 186 425 955 527 665 993 737 1000 172 261 923 94 937 48 932 389 838 946 144 622 667 292 417 863 595 609 711 643 724 629 948 796 715 395 970 68 891 167 192 379 570 652 439 706 270 341 658 251 668 13 5 315 600 74 571 30 864 115 963 691 109 777 88 181 637 54 906 771 481 329 597 989 630 890 230 307 4 269 19 569 87 423 743 856 160 201 956 300 693 821 1 46 940 25 89 822 143 897 495 146 384 773 132 128 538 67 510 85 557 337 351 659 227 500 683 910 154 35 752 547 111 995 819 904 929 471 679 247 935 350 429 242 684 837 322 660 414 621 772 682 239 258 12 924 732 882 793 435 161 250 340 635 403 769 862 386 860 39 279 353 345 555 100 419 964 811 302 358 818 366 535 32 536 355 694 850 37 728 687 573 859 516 180 803 889 137 226 690 97 780 438 987 842 849 260 312 815 162 158 399 988 404 978 949 116 792 42 708 799 29 544 61 986 187 835 243 488 325 356 509 969 616 397 613 342 727 770 71 851 50 301 469 18 625 91 852 884 484 124 95 257 798 867 522 992 466 204 252 431 9 654 299 412 718 401 579 320 650 60 159 367 577 474 284 735 672 517 369 34 976 503 80 861 139 703 327 974 664 170 699 480 122 189 805 826 620 753 680 548 36 465 714 881 922 262 73 288 114 879 188 865 295 832 925 806 433 317 409 990 483 982 277 730 797 760 619 476 744 273 420 588 702 960 346 820 685 628 411 336 521 416 589 739 523 222 136 77 905 574 496 434 566 705 406 899 794 321 866 564 218 508 294 688 636 524 477 545 951 255 125 452 371 507 98 532 967 580 624 385 380 497 813 915 603 551 950 393 649 563 41 207 183 253 305 108 638 209 460 214 422 281 234 53 909 291 349 698 738 220 587 99 103 895 424 120 487 194 534 118 783 911 223 92 196 440 514 957 138 816 747 528 965 357 150 759 216 11 869 742 381 166 360 808 962 311 363 8 841 599 766 675 164 550 256 347 278 105 343 782 195 229 900 653 459 540 893 912 567 745 265 789 556 543 93 276 119 106 901 101 722 786 178 151 541 22 931 726 795 113 241 610 981 171 746 751 248 632 231 96 442 224 639 16 457 572 394 801 903 952 642 776 282 405 888 586 289 33 2 696 857 565 104 90 263 656 129 756 723 206 602 836 52 217 938 198 731 758 375 237 663 468 330 971 886 833 606 604 578 959 413 676 415 930 83 199 410 920 824 275 493 908 432 24 917 441 215 212 208 562 800 421 765 631 612 318 933 57 520 244 615 373 526 51 141 63 944 297 749 829 748 14 607 725 3 458 107 774 568 767 617 184 202 847 721 112 64 559 537 45 512 936 331 546 854 994 55 240 584 232 985 853 582 31 966 831 339 142 84 877 286 21 907 887 623 392 376 880 677 648 430 596 313 919 66 549 59 651 454 640 530 583 519 553 501 23 734 778 733 697 213 117 947 482 491 736 641 304 506 362 502 17 757 418 830 447 49 486 268 998 876 444 47 396 634 402 647 344 26 456 972 494 585 980 236 271 316 10 729 868 287 558 319 153 398 898 511 858 657 388 293 44 382 605 407 560 81 157 38 593 991 525 983 290 921 954 464 408 133 254 666 285 233 249 323 174 872 272 498 428 768 590 499 225 400 627 945 110 661 280 790 885 916 303 844 779 834 539 478 426 594 576 485 644 592 717 140 368 450 709 704 775 973 135 942 470 873 701 692 591 961 669 72 219 614 490 475 436 200 264 149 828 274 266 958 446 205 472 306 515 328 626 211 791 740 372 168 928 6 914 391 855 953 787 892 670 56 681 190 581 259 267 387 308 467 473 235 700 361 984 62 618 939 671 802 193 445 492 761 463 332 78 155 314 934 505 462 827 310 121 455 845 79 848 762 531 437 383 927 695 686 601 840 182 27 58 134 246 720 374 20 390 175 518 713 807 152 870 764 716 785 552 448 809 883 443 977 377 126 359 324 179 102 943 163 352 814 846 40 941 169 710 191 451 378 825 15 513 210 926 784 689 633 533 449 177 427 810 763 28 145 823 148 70 561 221 370 165 504 238 575 918 185 674 997 365 871
53
6 33 34 32 36 10 21 26 42 53 20 16 30 39 45 31 9 14 8 23 23 40 25 28 7 43 11 49 47 4 53 25 5 48 3 24 46 41 44 37 2 52 18 50 12 27 49 1 50 29 22 13 10
320
136 300 17 298 241 258 234 225 314 294 63 264 17 213 36 297 276 287 131 5 292 286 133 54 258 80 196 93 269 111 152 214 63 275 105 168 164 271 253 249 162 183 226 290 53 168 16 191 317 260 90 74 134 163 16 179 130 171 166 41 152 125 177 293 81 174 302 48 115 217 117 181 142 286 202 118 4 28 249 18 208 156 109 117 187 44 34 319 261 85 7 226 198 48 39 43 59 21 307 39 172 53 52 267 170 307 103 182 73 115 318 262 58 50 58 28 14 114 67 197 120 27 309 92 161 36 118 101 189 240 38 184 42 299 169 293 320 146 147 60 200 110 191 231 220 227 247 266 123 97 59 308 190 48 261 93 306 273 229 65 8 29 249 229 136 47 198 76 80 34 26 2 102 124 227 281 264 32 236 234 261 285 86 149 256 231 3 50 70 125 265 151 289 201 239 312 120 211 203 84 10 46 320 288 51 255 133 295 221 122 141 276 207 268 270 83 101 310 194 204 146 158 140 282 239 24 243 240 25 315 91 77 180 206 181 313 88 31 63 61 291 93 104 241 172 296 176 49 185 164 280 78 67 142 218 100 159 140 220 193 279 216 289 56 53 154 292 75 205 283 130 30 143 251 216 37 316 113 190 60 106 290 272 319 72 20 306 138 314 252 91 1 210 272 66 40 199 201 139 232 260 81 213 155 5 35 248 192 178 237 144 145 108 149 38 27 148 129 107 19
3
2 3 1
100
25 34 27 20 71 42 96 83 89 44 23 67 4 80 7 78 13 46 81 68 11 49 1 82 10 24 16 93 40 98 51 30 52 48 21 55 75 73 47 3 57 92 65 91 41 61 70 53 95 18 72 19 77 5 39 37 63 22 54 69 28 50 33 60 14 12 26 43 66 58 6 74 90 100 86 2 38 56 76 64 36 35 85 62 31 94 17 97 99 32 59 45 79 15 84 9 8 29 88 87
50
21 5 20 48 17 34 14 11 25 39 7 47 37 31 41 18 20 36 13 10 41 28 46 23 26 44 35 16 37 33 29 12 2 42 25 6 40 45 30 8 24 22 2 50 22 4 27 1 21 12
1000
47 857 137 386 922 591 219 757 332 69 772 847 74 431 580 571 116 526 611 740 903 130 38 514 325 969 624 549 296 638 888 830 661 532 584 524 574 221 214 761 646 349 113 327 548 929 382 238 686 365 124 351 660 295 485 458 568 743 81 928 329 635 544 186 887 31 577 838 501 430 173 800 797 165 976 203 438 402 718 783 367 789 336 16 854 957 735 193 22 991 707 225 63 66 480 117 599 728 15 45 317 658 828 657 131 813 704 158 346 404 326 157 6 881 249 240 576 541 151 620 959 937 623 936 697 592 322 727 713 760 851 971 153 967 898 69 4 286 342 961 855 648 818 242 210 677 309 665 61 831 375 835 688 940 17 515 487 742 999 699 291 601 902 51 126 261 810 462 912 902 821 192 573 738 768 545 886 468 444 461 511 615 258 112 421 721 865 359 401 24 585 621 44 916 673 561 267 750 997 988 523 758 198 993 650 931 435 446 149 641 941 153 439 11 510 29 546 543 781 903 982 160 202 143 732 347 1000 560 395 557 321 201 891 839 591 588 652 204 778 963 812 272 983 316 377 231 987 245 423 939 726 608 608 574 992 292 17 835 471 199 12 889 819 130 937 877 121 408 562 758 274 59 659 7 310 445 691 265 277 964 968 188 508 483 568 288 319 67 897 392 531 125 992 426 705 92 631 633 682 404 25 829 269 826 699 877 364 529 932 802 331 333 682 15 765 708 880 45 876 684 996 478 189 281 248 380 745 663 645 177 488 949 590 289 362 910 989 812 43 593 528 494 215 56 770 328 50 532 344 222 38 945 513 336 987 357 703 409 978 677 734 246 878 330 644 841 411 981 287 862 302 493 288 64 943 873 154 520 824 391 100 962 102 923 424 651 786 622 268 204 385 133 230 818 397 26 208 361 42 733 656 150 710 247 690 79 333 60 114 550 481 904 662 947 768 762 827 417 250 864 595 243 96 107 146 474 685 637 476 628 9 670 811 199 168 934 448 790 505 367 985 429 451 884 387 233 702 356 913 250 262 80 266 497 919 850 156 53 186 834 954 412 558 159 18 287 693 283 456 613 30 632 108 960 482 832 340 40 879 244 144 946 320 440 132 633 552 384 363 168 692 874 447 183 371 295 709 853 622 34 575 771 788 215 925 914 285 220 612 906 674 472 965 955 650 649 182 495 504 454 166 605 463 346 706 259 160 74 20 836 276 828 892 932 554 609 128 977 570 255 952 794 565 370 33 98 493 859 135 796 464 849 872 496 679 65 279 456 206 7 249 80 553 66 36 637 787 988 868 178 885 815 209 782 579 911 696 65 70 467 271 827 328 197 553 537 586 901 787 775 854 239 626 555 323 483 625 615 738 942 138 364 724 63 551 641 405 139 317 451 720 491 764 820 398 35 677 975 938 666 427 137 522 804 689 681 128 10 966 753 793 694 396 65 795 700 517 789 314 839 230 767 578 822 71 388 73 256 308 147 41 933 816 336 778 441 960 900 503 399 193 667 218 106 755 794 432 477 373 479 980 710 851 652 899 197 190 596 506 840 720 749 1000 746 418 49 827 823 751 167 145 675 68 416 530 162 32 194 76 498 525 455 353 111 475 643 294 957 450 649 836 819 438 604 365 256 767 311 259 805 461 95 48 275 148 816 282 817 659 129 983 337 236 566 917 403 410 867 270 736 27 300 339 678 176 986 539 345 730 350 725 859 211 597 597 297 2 127 406 312 223 979 948 169 926 958 460 547 852 855 385 950 849 168 89 856 470 341 453 310 5 486 485 509 423 893 379 907 465 299 425 678 927 213 119 521 894 93 722 324 697 278 414 422 668 811 632 356 457 909 858 226 540 795 232 335 629 90 756 217 214 241 683 443 394 374 172 8 642 142 619 400 701 495 253 729 193 639 845 207 961 261 533 86 519 923 410 748 420 815 1 191 507 58 87 664 500 594 698 513 395 134 319 184 509 841 564 29 733 580 184 600 489 492 977 28 389 609 118 376 181 352 520 52 602 16 833 97 589 620 975 821 161 383 332 728 257 466 187 647 429 995 539 680 512 640 695 38 875 72 196 124 741 951 535 381 848 909 175 116 421 581 406 105 890 224 994 453 62 148 280 809 409 91 141 777 603 170 883 301 723 769 929 940 972 915 980 61 352 843 811 667 856 304 791 416 799 458 981 436 559 924 334 866 437 820 798 354 37 944 303 14 501 994 861 161 607 586 905 984 616 179 913 260 421 792 473 636 868 491 315 776 753 712 402 653 803 942 123 290
20
11 11 7 18 6 2 15 9 15 17 1 6 7 16 12 5 11 16 1 6
200
84 43 35 87 135 181 164 54 186 195 190 99 14 151 63 10 95 166 40 185 124 64 1 138 15 74 17 139 179 13 123 57 151 56 57 42 156 82 72 74 35 10 161 155 48 126 72 59 73 106 126 163 55 8 102 2 174 48 54 52 52 27 89 134 91 21 87 156 169 81 19 101 77 67 172 54 144 174 54 146 123 81 187 72 166 140 187 172 26 114 167 71 151 43 184 26 49 26 185 162 193 135 78 143 45 86 110 55 185 195 21 148 57 37 1 13 51 196 91 131 136 50 109 110 14 198 132 154 1 70 63 44 13 88 21 196 192 125 94 73 174 38 3 134 131 110 16 158 58 147 88 156 13 159 91 27 77 29 103 136 20 168 13 108 26 177 93 193 5 184 125 14 36 94 122 126 107 12 189 53 145 156 197 106 16 72 3 51 102 62 62 46 139 6 103 136 79 44 81 59
573
76 182 506 32 258 65 67 504 342 537 557 226 202 414 487 155 86 236 106 334 474 318 193 170 215 138 419 417 122 154 494 68 538 298 162 104 233 515 252 219 300 282 55 177 253 239 330 223 447 270 72 271 220 69 394 418 369 27 172 168 24 397 83 38 395 97 71 449 468 188 89 572 238 461 391 364 42 41 445 203 562 425 169 385 500 17 477 501 163 43 444 142 319 183 260 310 98 424 462 22 331 8 167 526 511 171 25 207 493 225 415 101 49 212 374 359 356 135 12 554 237 110 386 379 346 153 139 127 329 558 450 192 37 545 279 295 473 322 214 291 6 543 96 246 242 179 145 281 514 437 521 309 259 268 446 451 376 78 568 92 564 39 499 306 90 338 304 382 336 405 452 556 21 510 480 456 368 413 311 534 365 541 94 51 62 435 402 285 57 328 358 245 152 232 77 191 213 44 381 531 567 523 129 465 370 563 404 201 264 393 407 114 159 82 352 555 165 428 289 131 519 56 488 156 29 3 194 251 263 136 95 66 373 372 134 196 332 431 483 459 535 147 509 398 113 530 360 496 229 199 412 561 45 422 111 351 490 547 339 119 52 26 305 426 520 36 286 30 4 315 204 551 390 341 384 277 303 525 20 548 166 221 128 375 438 476 211 190 40 312 294 301 343 347 484 100 250 112 518 482 75 507 287 489 378 164 546 99 240 433 146 290 230 299 492 457 314 383 570 327 416 366 464 475 187 439 59 288 387 396 411 516 348 569 357 216 224 13 126 371 278 361 11 333 532 61 261 116 206 180 2 380 218 410 140 400 335 362 205 471 178 18 280 273 302 354 105 5 189 467 244 103 107 377 284 513 115 466 517 528 297 217 87 267 186 472 130 340 23 1 503 550 91 60 58 432 367 324 266 497 149 70 350 434 345 276 326 53 524 536 34 16 9 454 176 542 573 571 141 161 316 423 46 491 175 533 478 307 48 508 54 441 124 241 108 463 427 539 406 529 137 486 363 460 79 74 208 120 269 442 337 485 256 33 469 102 283 455 559 7 353 235 349 392 355 249 181 73 308 234 247 522 47 118 15 401 296 150 148 421 453 158 325 313 19 31 84 125 448 50 227 257 443 408 184 243 540 85 210 293 109 248 292 174 502 231 344 553 505 255 117 479 93 275 64 388 143 317 10 14 549 123 512 173 80 498 197 133 320 440 200 429 209 403 222 262 195 265 254 185 481 323 160 566 458 228 198 88 151 321 272 430 552 470 63 144 565 274 389 35 560 81 436 420 399 544 132 527 409 157 121 495 28
200
197 152 41 140 116 142 61 106 197 99 46 150 142 81 13 116 185 93 153 28 131 15 163 119 85 109 173 147 112 176 2 191 196 47 169 100 179 195 171 113 162 142 35 156 107 150 27 181 86 159 155 24 120 163 12 125 124 47 71 150 3 108 46 174 100 95 17 13 145 59 186 191 89 72 19 15 28 20 127 7 182 155 53 80 70 48 55 121 17 166 17 56 188 175 105 5 61 72 32 198 91 2 94 166 193 152 137 186 172 182 61 2 82 111 58 81 199 88 37 143 54 117 149 133 152 20 83 97 132 94 79 118 195 170 105 43 141 146 131 141 99 183 36 169 161 55 25 170 96 126 55 184 172 145 82 5 57 163 30 30 69 84 191 98 49 119 169 101 183 3 149 121 151 111 50 40 105 67 182 182 96 5 18 8 39 127 177 11 134 187 158 148 189 23 5 150 62 62 46 96
51
35 7 20 38 24 15 42 17 30 40 25 29 47 10 2 28 21 49 16 12 19 36 37 39 31 27 44 33 26 48 45 23 11 5 3 9 22 34 41 6 51 13 26 43 8 14 13 47 1 32 43
873
698 431 489 521 680 146 726 309 475 729 441 19 413 423 68 204 708 711 176 598 579 777 517 445 178 89 696 505 254 79 745 503 337 145 149 455 410 486 72 870 681 86 398 736 530 325 647 173 642 323 401 533 381 573 834 536 866 607 689 210 375 288 461 80 121 363 588 44 774 299 804 253 479 421 675 764 707 824 463 439 807 258 20 321 727 737 697 656 823 330 531 156 360 216 628 141 328 409 788 846 8 498 670 267 809 49 621 864 662 608 159 653 516 219 645 561 793 554 311 718 655 85 104 775 350 428 87 714 302 14 51 541 63 334 816 389 427 404 774 21 276 44 614 1 750 221 211 566 544 66 69 836 185 763 374 594 30 830 519 630 120 435 99 196 652 114 595 150 248 379 492 451 646 699 358 502 46 688 295 760 324 322 585 546 164 138 705 493 712 306 803 768 304 832 635 593 546 143 115 685 405 442 92 740 2 501 71 149 458 864 615 867 17 636 802 459 256 422 106 134 457 163 586 33 76 351 611 520 814 205 95 553 481 29 754 7 780 376 559 659 692 266 808 790 296 684 766 4 361 64 269 846 747 640 557 96 817 734 125 197 175 305 841 744 508 749 671 577 605 746 683 781 394 192 805 392 583 357 231 574 560 424 378 673 327 438 194 522 592 78 627 872 37 24 117 344 853 471 255 264 700 624 174 504 100 453 74 470 301 582 242 703 833 283 300 819 690 113 840 131 277 451 665 723 725 796 670 581 425 783 110 558 390 575 386 642 827 198 148 170 462 639 873 385 396 241 709 739 769 285 835 625 183 191 342 672 600 686 126 331 353 563 124 485 77 144 604 189 650 549 54 152 511 356 829 540 845 509 154 779 589 469 307 433 464 270 281 477 284 552 399 158 862 669 597 41 695 234 800 207 203 341 476 206 537 447 332 142 786 578 195 564 268 278 346 298 478 572 135 326 482 822 81 857 467 715 416 153 513 728 172 109 43 590 136 139 450 16 460 417 440 735 116 609 474 733 631 393 472 5 112 187 770 806 667 118 38 3 776 160 860 437 576 591 6 756 129 644 32 795 510 384 45 858 861 542 717 798 677 103 617 48 251 127 721 172 27 782 742 762 180 271 365 403 406 791 528 658 551 761 265 549 111 179 352 382 22 354 290 719 65 657 599 619 854 434 261 75 420 291 548 799 555 772 637 767 215 632 538 415 9 184 778 34 387 610 466 570 62 852 436 668 842 701 316 209 706 313 748 818 430 401 801 343 151 371 702 641 797 475 491 200 794 602 743 226 543 527 771 338 369 28 84 287 674 752 119 757 232 335 596 408 161 289 292 468 297 562 73 785 212 648 618 730 169 194 716 724 70 249 693 687 214 35 811 623 218 593 792 123 483 618 31 348 678 252 813 67 448 105 260 102 279 545 259 843 303 293 868 10 465 244 217 547 480 682 821 748 88 596 514 218 525 294 171 208 603 565 755 55 133 312 18 720 94 274 368 223 373 51 380 240 362 787 418 101 654 432 828 752 340 165 132 556 473 286 273 515 182 629 456 320 243 235 220 280 333 449 661 850 370 871 310 402 411 512 663 710 496 676 40 12 262 751 419 490 314 230 499 587 484 367 167 851 534 855 35 93 23 349 25 753 444 765 388 691 789 97 506 849 759 535 407 638 454 666 130 523 347 245 616 250 168 275 452 626 98 812 339 488 308 56 612 47 227 59 500 36 524 201 741 395 50 147 155 664 108 507 186 233 529 199 429 851 758 568 236 784 166 613 228 246 773 377 679 107 487 315 649 844 157 837 414 181 865 532 847 397 495 857 53 848 820 39 550 237 61 391 863 60 526 329 128 193 400 736 831 224 90 282 319 567 571 82 239 383 209 494 713 497 859 825 738 52 336 11 213 869 622 162 446 443 318 660 9 100 569 810 426 229 42 359 247 177 856 257 168 58 15 238 317 722 190 494 826 26 601 584 620 366 732 91 412
10
3 1 1 3 2 5 10 4 10 2
870
547 102 505 848 70 363 332 150 431 578 248 308 776 140 573 535 842 842 605 117 866 821 587 570 364 742 398 52 558 865 783 161 661 703 156 98 36 12 209 13 468 641 795 576 281 134 462 638 760 704 46 796 758 265 662 138 65 19 757 388 449 721 705 18 417 99 363 459 317 149 339 228 585 8 191 870 86 313 316 354 267 575 838 607 67 715 437 530 601 714 18 353 284 319 582 818 764 714 844 776 404 781 206 400 550 233 288 666 757 256 790 626 180 24 551 88 496 264 643 198 153 271 752 560 25 342 103 145 381 272 788 263 432 501 219 420 546 301 478 251 325 785 198 470 672 792 196 743 297 718 365 692 527 312 326 458 520 734 725 175 247 635 247 637 42 497 331 312 189 829 389 264 504 252 405 519 497 522 814 470 143 589 347 560 496 162 625 307 486 36 250 630 403 479 425 660 108 599 698 441 844 778 444 85 777 148 286 77 124 324 563 610 653 330 161 281 719 732 749 284 200 21 652 853 292 633 572 779 132 137 294 208 720 834 637 412 308 656 159 197 509 579 496 844 855 433 814 115 683 400 732 425 104 282 423 694 359 329 526 332 81 778 415 867 152 68 504 817 746 860 595 824 693 760 661 80 225 357 312 689 675 575 200 184 110 111 590 362 98 615 160 471 401 784 668 309 361 303 844 595 731 244 93 644 250 784 193 663 403 242 305 310 157 310 641 700 234 43 793 380 607 40 731 485 439 816 469 536 48 108 484 98 12 692 73 762 557 670 448 4 417 434 814 689 659 304 261 808 765 395 82 356 525 356 743 162 735 305 497 65 301 424 446 869 583 536 425 586 388 617 857 165 16 665 108 217 646 383 311 608 222 395 686 658 865 542 324 769 696 629 482 55 454 5 477 847 607 580 426 697 73 356 751 607 130 722 97 575 112 622 180 751 522 864 45 118 565 476 840 394 397 32 513 392 646 104 415 90 465 744 542 458 590 341 530 290 561 694 461 489 125 839 861 640 784 698 782 738 155 43 78 193 235 632 5 440 240 472 725 539 481 854 116 792 645 485 126 189 426 853 299 391 514 611 282 61 127 287 581 790 51 762 536 428 242 436 495 166 205 798 806 766 521 73 151 164 594 832 96 791 211 448 182 177 203 297 172 121 411 481 437 26 817 627 854 181 2 73 464 766 489 793 622 253 148 18 429 326 368 522 106 853 95 248 79 254 717 448 360 714 376 451 305 596 381 33 12 620 436 472 676 336 848 191 194 370 56 841 553 204 831 538 527 438 61 15 855 567 468 79 29 777 155 316 13 321 324 174 19 507 393 160 548 188 110 765 183 22 522 427 226 677 551 794 426 373 165 557 685 825 241 274 715 212 128 267 209 768 476 50 90 439 15 568 120 491 474 449 648 532 450 8 863 701 773 239 527 195 236 176 299 236 54 54 829 584 254 187 502 52 800 97 216 154 597 642 385 869 121 605 56 796 486 823 740 387 466 535 191 614 589 826 107 4 199 53 244 110 462 66 34 505 708 245 456 128 530 498 807 571 94 152 323 802 295 550 619 699 229 866 672 160 794 369 440 432 619 409 291 611 474 256 736 601 354 394 102 387 140 163 154 162 100 38 247 845 769 435 761 835 510 782 594 394 741 707 693 436 164 169 651 275 226 311 603 272 859 504 864 450 576 454 9 708 797 314 520 711 608 52 630 541 229 193 350 569 773 838 240 445 354 332 854 390 509 862 560 634 730 73 795 548 411 684 688 568 46 443 93 701 820 95 732 347 630 829 617 286 130 72 199 10 729 739 743 208 534 287 666 695 389 693 333 352 778 794 681 749 819 415 659 46 311 534 150 659 778 696 239 183 404 508 847 840 323 570 413 158 606 371 775 498 170 814 849 397 503 54 623 91 558 320 520 631 687 700 201 675 142 551 487 291 743 653 230 152 380 597 809 773 345 638 18 541 454 751 296 645 460 478
10
3 7 6 1 4 3 2 5 1 6
53
31 48 23 46 39 1 29 49 7 32 36 15 31 53 17 22 11 41 24 27 50 26 30 25 38 39 18 6 12 28 13 9 40 20 19 2 52 13 21 44 33 8 51 48 4 37 16 11 5 26 42 47 43
20
6 11 1 16 19 20 6 13 8 14 18 4 6 3 1 10 13 9 15 12
50
33 8 35 47 7 23 40 30 1 1 10 14 49 24 26 9 29 45 1 46 31 11 26 47 12 40 4 43 19 28 23 38 38 13 42 30 48 27 31 3 35 41 29 1 47 41 14 32 14 1
502
459 34 398 149 195 286 5 393 194 175 449 53 394 20 477 431 163 429 184 424 156 15 338 433 434 101 176 231 245 357 296 33 35 326 479 140 94 374 496 66 271 396 164 177 147 464 103 219 436 299 235 160 465 259 366 93 60 241 238 389 329 192 260 13 11 380 198 153 263 111 347 428 353 210 59 214 343 178 376 74 321 315 25 75 493 58 142 105 81 409 63 106 261 425 270 43 257 186 26 208 102 339 162 44 411 7 476 475 498 243 36 293 368 331 183 307 460 256 344 197 451 306 455 335 249 450 302 297 408 324 400 454 220 181 97 191 45 226 131 462 172 274 417 127 391 452 76 112 73 168 489 356 224 292 10 405 384 369 486 457 416 179 113 213 418 114 500 100 355 350 283 402 161 244 232 180 223 420 205 473 79 150 390 336 39 359 448 397 342 456 318 446 12 230 410 289 141 319 242 461 488 265 157 273 480 221 442 117 300 21 52 200 30 130 278 126 484 490 330 171 185 4 167 193 444 276 482 383 445 463 228 266 412 381 466 295 138 144 201 229 483 95 333 392 91 499 360 422 104 322 294 84 371 204 308 107 203 430 173 361 370 88 268 134 72 495 80 440 65 426 152 82 485 215 62 404 212 491 169 38 254 187 354 407 46 314 298 441 89 281 388 414 32 470 109 145 61 115 313 438 41 348 474 40 136 42 234 17 19 190 166 310 285 3 250 28 262 170 158 222 64 468 116 125 128 275 24 288 206 272 8 487 54 341 200 317 287 382 6 237 364 251 27 77 437 340 435 328 69 146 282 267 372 387 332 123 439 443 432 290 188 96 98 78 419 277 51 189 1 165 301 312 239 304 385 401 255 403 501 447 233 67 337 240 264 421 49 415 148 85 406 494 139 399 211 379 327 2 325 9 378 373 37 363 375 90 248 365 154 70 129 291 472 108 269 68 280 311 481 358 119 48 316 334 225 478 323 92 458 303 246 497 47 253 182 55 453 71 57 151 132 218 174 159 86 227 29 16 87 196 351 110 121 202 349 386 423 395 14 120 56 258 502 217 137 199 122 367 135 467 247 50 377 427 155 143 352 252 469 22 279 345 83 284 23 492 209 133 236 118 320 471 99 413 362 305 216 346 309 18 31 207
100
10 72 26 63 34 69 38 36 82 1 79 17 59 51 90 78 12 45 85 57 73 70 54 30 66 3 94 65 91 24 53 88 98 5 76 8 84 7 58 80 93 99 92 89 18 83 52 96 86 67 14 47 31 23 97 75 20 39 13 61 60 71 4 87 28 25 50 74 6 22 62 2 21 68 56 35 95 16 11 40 100 9 46 37 19 49 64 32 44 15 29 43 41 27 77 48 55 33 42 81
871
33 32 858 97 584 39 331 265 341 731 225 178 6 344 603 327 534 453 506 349 870 657 270 14 127 195 652 430 192 497 713 379 175 192 701 583 232 481 850 772 409 112 208 285 592 12 304 673 108 328 351 447 813 671 707 669 611 681 598 505 562 600 564 845 750 579 354 433 408 275 283 308 237 709 15 702 432 543 793 587 477 747 578 736 680 754 766 650 679 34 63 452 272 202 176 494 487 526 247 360 486 687 620 182 664 789 610 478 715 224 797 660 737 834 552 761 234 501 748 605 302 646 676 81 586 249 788 347 155 126 759 29 607 522 18 164 865 380 366 601 154 253 245 40 323 422 502 205 727 436 18 52 665 500 412 186 550 463 700 757 365 324 651 320 444 407 95 128 17 590 19 846 533 397 107 423 821 372 627 358 110 401 7 767 170 165 231 638 356 675 829 516 147 413 49 729 504 563 577 191 659 649 348 4 263 778 621 828 343 31 219 668 633 394 689 443 274 142 738 641 227 485 358 384 111 553 599 688 474 398 571 851 527 507 404 230 172 78 386 151 66 123 30 315 491 213 479 790 692 461 854 805 171 762 267 814 197 562 109 609 708 734 177 281 41 758 674 642 141 561 714 469 255 686 306 727 292 705 514 216 580 785 718 294 626 531 694 16 537 425 371 405 732 632 359 639 483 509 833 840 402 284 725 791 242 538 218 719 163 417 815 363 184 619 346 517 503 427 149 375 376 818 782 493 799 103 645 866 555 768 448 796 297 16 524 712 558 94 119 809 582 604 776 321 859 160 722 133 238 173 643 239 104 152 114 624 369 100 695 529 73 667 63 631 654 596 530 467 763 277 391 677 746 168 206 855 515 512 196 366 536 279 685 124 442 508 235 690 264 261 262 50 65 121 254 83 269 27 568 547 437 23 682 847 305 203 395 137 431 290 458 378 475 528 295 246 656 132 717 357 58 775 301 273 236 735 214 636 683 37 811 693 88 635 139 62 658 342 570 455 698 484 466 741 428 612 59 575 852 429 470 842 240 471 307 459 377 198 711 161 623 77 312 56 339 416 438 653 696 655 574 244 129 135 684 720 419 229 143 573 38 215 138 662 271 387 144 551 260 838 45 742 465 319 857 362 20 299 589 617 70 798 831 259 456 385 751 363 826 499 256 46 618 825 257 233 193 843 816 406 864 666 648 159 87 724 780 462 241 616 481 329 157 336 169 276 839 756 566 569 848 54 316 803 854 105 715 332 594 489 498 42 120 490 773 806 90 162 223 396 212 291 92 220 368 400 812 454 1 353 608 148 47 278 25 153 439 856 223 38 532 861 819 795 367 106 24 730 728 204 520 347 318 567 71 827 93 286 691 488 61 355 89 801 802 334 450 199 8 326 200 445 57 863 426 333 823 752 125 554 76 322 113 740 116 678 844 535 824 585 774 559 800 293 716 303 67 280 185 35 390 13 393 243 480 91 434 115 158 383 140 784 457 625 733 640 765 637 166 661 217 99 776 820 602 48 420 704 565 511 572 628 60 102 352 335 131 556 473 792 777 769 327 753 381 867 581 151 723 539 313 647 167 770 424 706 451 415 849 2 300 739 764 388 597 557 613 615 43 771 743 810 670 72 653 472 606 468 560 629 832 464 745 156 399 446 773 869 298 744 51 830 288 835 588 222 807 779 804 544 361 760 541 576 10 84 252 340 53 330 190 808 117 374 496 181 821 521 370 549 68 251 34 510 781 542 822 180 80 183 250 189 96 179 130 677 268 699 634 755 492 28 853 630 697 411 194 79 9 139 174 672 614 187 86 201 523 226 350 460 392 595 382 757 11 703 591 525 228 5 663 364 592 36 310 75 794 145 289 593 836 296 282 98 862 209 373 495 64 309 817 513 311 338 421 74 21 150 291 545 414 210 540 248 482 389 26 548 476 258 101 721 622 311 546 868 207 211 146 3 441 221 337 345 860 749 418 435 122 449 783
20
14 5 19 6 3 15 5 1 6 13 3 4 17 3 1 15 4 10 20 15
51
44 47 31 36 41 37 22 46 40 33 42 39 48 39 12 15 20 35 27 17 51 50 8 23 20 34 26 30 13 3 49 45 19 28 25 16 24 11 1 14 7 9 38 14 2 18 5 4 10 17 43
1000
833 26 468 121 798 700 772 375 848 650 452 886 851 191 477 849 765 376 866 757 483 621 888 740 7 115 145 13 842 582 41 914 762 389 563 708 988 756 24 932 181 679 966 225 717 347 744 695 555 753 413 846 969 305 124 197 641 101 10 34 499 521 640 769 518 357 50 975 267 948 560 249 419 808 790 955 507 246 730 40 216 443 807 506 403 434 446 889 999 239 377 276 657 644 567 169 6 175 187 832 915 210 339 527 686 764 374 653 146 322 35 691 865 493 725 770 646 502 835 256 680 584 205 855 837 475 926 944 379 464 677 404 472 489 120 879 649 351 447 262 292 867 184 536 980 898 384 672 396 422 466 203 194 135 318 729 904 737 742 547 144 178 993 903 963 421 629 179 281 323 952 712 802 850 562 545 285 348 916 787 905 266 776 162 907 826 283 167 153 956 302 420 775 558 635 626 863 752 526 219 869 514 141 274 230 217 804 59 487 541 295 939 981 515 209 180 755 794 393 976 100 953 190 334 610 721 273 360 583 423 960 947 335 990 814 243 985 4 429 643 984 312 361 669 683 668 147 736 973 498 746 625 870 860 176 613 97 701 887 706 639 774 720 544 195 407 58 117 694 642 810 564 827 996 436 671 899 392 358 449 581 605 786 20 696 272 930 471 962 79 391 288 557 388 580 921 67 132 61 337 797 716 845 715 193 411 372 531 573 102 412 406 623 380 291 386 299 306 600 486 47 872 741 417 665 485 661 512 813 264 884 226 652 31 240 892 763 482 977 378 791 578 171 228 816 17 237 247 259 25 433 945 440 632 771 495 565 149 394 469 784 211 561 991 619 819 60 454 614 382 265 918 524 901 359 474 341 444 139 465 877 713 73 108 504 951 133 198 236 738 18 62 992 492 645 594 278 37 617 989 902 263 233 345 825 688 11 373 891 342 371 569 566 728 94 277 983 970 33 49 57 511 924 793 354 287 684 795 836 831 897 215 189 400 529 957 459 943 519 77 231 968 157 620 767 890 570 293 3 590 23 88 689 16 747 537 368 116 931 332 161 601 125 936 418 912 534 779 55 308 81 806 220 540 893 119 158 693 461 38 675 289 959 8 525 340 437 166 56 21 168 428 631 399 185 964 137 789 874 523 91 800 53 344 946 152 778 1 385 551 637 702 213 338 170 214 922 497 96 714 402 456 938 674 595 900 352 241 986 733 602 129 589 805 664 445 603 997 909 585 636 107 110 244 114 917 441 801 971 987 104 134 882 251 829 542 520 365 995 906 307 666 857 538 284 950 333 824 123 933 998 522 268 252 363 426 979 861 370 150 127 690 575 476 552 648 207 196 822 72 409 710 761 839 71 608 85 788 248 923 48 51 451 550 316 928 455 908 390 479 533 509 934 496 766 731 366 32 576 109 616 383 2 261 796 965 704 896 46 199 395 282 885 148 286 599 99 401 662 612 202 258 260 234 488 873 799 579 201 257 325 828 311 221 743 235 330 577 98 397 749 138 93 95 596 1000 126 597 30 895 431 355 92 321 723 343 151 750 628 754 439 760 681 745 548 68 128 571 367 840 315 513 450 510 227 326 218 687 705 734 782 654 553 163 858 883 659 90 894 87 942 136 245 961 317 165 490 880 633 140 682 607 131 500 751 949 329 815 78 74 868 817 44 9 598 143 349 853 69 935 539 224 301 19 588 777 638 864 978 298 843 42 470 572 508 408 159 410 841 678 304 856 200 473 709 925 699 54 707 634 309 974 618 875 14 458 192 297 503 43 768 673 609 164 415 39 177 183 739 270 604 122 172 462 457 484 554 362 22 655 356 427 432 919 294 658 586 314 460 430 65 505 186 238 310 735 821 229 685 271 327 913 353 781 844 27 559 113 15 491 232 878 920 279 660 253 448 83 727 12 346 280 722 331 698 847 773 242 29 463 803 222 929 5 494 223 994 711 103 820 130 549 63 697 319 296 941 206 70 516 517 254 910 568 350 719 324 364 592 52 414 676 911 154 535 758 656 173 76 188 587 453 818 606 703 591 615 546 435 724 854 82 852 670 328 416 28 830 313 785 543 36 112 66 647 780 812 478 530 160 255 532 881 212 792 269 940 45 398 336 859 838 759 142 381 303 667 876 300 718 467 111 972 811 937 732 958 250 204 290 663 809 84 106 424 556 651 611 89 442 405 624 927 871 105 622 862 64 155 954 574 823 834 748 501 80 118 369 480 320 726 438 967 156 86 425 182 982 174 593 275 387 692 528 783 208 481 75 627 630
996
16 197 138 610 544 213 200 37 663 589 164 763 818 920 191 1 506 70 651 973 843 546 495 410 415 882 377 86 94 681 906 841 554 536 22 587 390 655 968 754 135 338 819 497 160 825 385 630 491 579 50 838 16 760 266 902 879 905 499 414 274 218 304 20 808 533 257 660 126 948 279 771 972 583 518 829 731 362 646 542 593 704 208 24 250 226 345 390 22 832 165 337 438 325 766 136 331 889 890 663 356 586 578 315 534 82 606 782 377 592 134 775 49 490 561 126 901 974 30 140 92 957 928 131 152 389 58 435 450 184 122 589 56 38 935 62 813 817 885 457 841 39 773 494 635 120 526 71 783 993 405 27 983 231 621 375 103 542 398 219 685 376 135 11 927 609 731 42 657 695 253 387 848 608 597 913 943 442 83 872 618 776 378 129 334 955 291 163 791 94 319 690 821 327 533 405 298 1 902 13 255 726 605 737 15 202 686 515 31 966 431 267 366 200 607 965 601 365 923 330 119 479 251 956 823 263 617 909 959 545 616 347 42 85 918 688 552 91 740 742 326 880 29 60 565 927 686 490 399 226 316 357 502 358 647 976 622 198 536 537 215 178 482 933 922 142 262 59 603 420 421 495 493 598 744 943 64 750 375 625 458 846 102 535 562 520 573 634 326 313 945 387 795 403 772 859 759 340 474 788 712 699 321 170 588 41 636 694 10 352 408 285 433 172 530 422 667 750 154 449 970 893 159 560 811 860 738 697 299 934 419 932 409 216 539 447 960 137 112 656 411 875 581 860 36 830 234 668 941 227 52 936 514 45 172 866 593 975 509 220 835 351 807 748 300 929 12 591 562 875 894 111 550 671 836 66 53 745 575 687 749 455 210 596 192 827 370 985 577 367 585 282 224 361 218 828 300 428 328 512 185 600 278 770 937 89 790 510 449 764 991 693 563 333 984 517 703 543 169 737 667 249 691 274 480 132 422 478 752 144 293 313 443 569 689 273 37 525 492 815 175 722 668 76 642 711 765 357 506 871 708 284 912 427 63 135 55 615 760 967 501 202 907 723 986 995 167 913 168 703 467 413 900 484 707 74 653 674 662 286 899 839 357 822 667 525 328 620 531 669 855 953 527 173 541 699 132 558 59 860 48 272 766 348 767 103 359 693 649 260 131 919 891 540 281 143 35 634 949 604 212 676 624 622 420 826 147 715 954 701 794 973 446 400 284 789 180 982 992 386 26 639 911 236 910 746 733 234 437 99 367 73 335 72 769 761 22 938 125 988 145 553 108 290 6 98 936 678 619 683 471 540 401 588 239 631 837 307 710 142 785 18 966 528 216 33 11 628 10 887 368 887 878 702 141 235 21 211 22 623 698 414 659 706 436 343 682 96 273 614 776 150 655 856 728 67 996 528 555 34 949 379 802 258 977 74 498 310 274 540 931 87 113 991 145 207 396 295 651 963 251 205 315 170 129 834 255 432 751 901 19 30 516 904 171 115 781 799 206 814 18 128 719 677 546 189 632 348 803 147 797 499 37 182 558 736 472 437 461 286 369 804 902 356 886 568 84 917 884 571 429 548 544 53 297 82 97 107 963 417 339 591 394 47 609 497 183 79 331 301 393 654 2 117 392 194 892 522 966 196 926 309 969 429 190 508 294 175 471 352 381 19 127 635 669 768 420 268 198 444 557 204 426 816 215 264 467 133 196 612 560 714 252 164 41 123 163 78 929 348 209 432 793 289 214 823 531 181 824 93 787 784 418 788 4 182 766 354 84 68 675 121 131 284 359 672 114 797 374 994 57 161 277 93 439 895 788 756 658 238 831 809 244 915 484 861 925 179 894 17 943 78 718 61 347 464 576 162 503 1 645 861 363 641 515 344 990 935 364 529 897 926 401 757 870 479 566 513 482 411 940 302 633 935 368 384 854 269 816 599 419 453 200 323 481 876 244 110 896 344 567 539 475 123 775 305 248 76 452 3 459 217 946 194 342 146 148 303 523 262 153 283 680 863 80 761 139 193 342 238 461 322 65 778 183 648 245 445 25 209 280 696 929 663 637 535 31 451 402 801 643 742 921 799 952 387 898 311 976 852 877 559 780 280 647 259 758 839 366 212 430 499 734 716 135 567 664 155 486 841 356 230 332 923 460 228 887 40 971 568 295 873 978 840 329 221 916 511 451 881 801 488 798 879 611 583 538 691 254 845 469 951 176 294 653 594 700 987 778 505 739 476 550 765 920 897 717 372 305 569 201 275 19 87 277 70
10
8 3 5 7 2 1 5 5 4 6
101
36 84 62 20 38 80 51 32 59 94 85 16 66 4 19 92 100 29 96 56 76 28 55 1 8 9 83 73 64 14 74 21 9 31 7 90 62 70 6 27 15 7 23 18 86 39 93 2 30 17 81 34 95 45 11 77 22 50 97 43 54 5 94 40 14 87 49 41 33 71 44 48 24 67 10 101 88 12 91 61 37 60 53 98 58 42 82 25 41 36 13 48 61 99 68 52 46 57 78 26 75
10
7 1 1 9 7 2 1 3 6 6
10
10 1 6 6 4 5 9 10 1 1
980
660 588 541 224 336 102 816 33 66 154 14 134 875 814 110 813 621 496 773 889 781 871 759 422 244 230 431 278 436 100 178 957 510 2 218 353 432 383 564 669 863 342 412 60 785 109 612 979 120 83 354 809 881 18 208 273 628 156 272 234 538 37 832 181 585 907 735 331 977 338 640 536 487 776 876 704 426 240 928 552 817 556 829 316 188 47 70 190 643 42 601 638 770 33 551 331 117 258 495 515 679 774 308 34 81 75 714 695 681 786 665 712 620 801 833 206 324 915 482 687 528 360 127 156 463 164 274 737 777 884 250 416 969 801 539 887 896 551 122 608 425 349 895 732 499 69 865 838 812 587 858 290 855 357 576 170 107 393 960 696 592 901 948 306 468 771 811 737 607 87 477 917 111 89 241 374 907 849 938 95 731 392 266 605 9 867 452 131 556 149 800 415 15 682 364 478 521 21 619 268 483 103 555 446 303 494 291 523 863 435 893 215 111 749 438 546 238 72 418 182 688 112 106 25 515 724 869 200 339 972 112 327 280 13 796 316 440 287 929 180 39 627 755 657 261 941 562 188 90 852 892 173 837 183 554 223 647 773 542 537 661 923 784 167 893 501 747 249 775 336 853 312 125 36 88 430 370 836 950 949 649 559 34 473 729 361 560 831 73 945 935 657 657 654 84 590 603 902 71 434 408 968 580 597 230 771 119 270 638 776 964 45 653 235 104 204 480 68 197 516 295 168 329 680 64 618 503 967 813 151 914 465 160 295 328 243 954 6 31 510 644 846 203 61 368 122 435 199 369 272 632 6 633 444 159 711 916 81 615 604 520 453 220 799 806 415 355 376 488 938 302 970 289 373 153 591 635 319 543 705 659 437 966 807 369 658 723 315 756 104 974 476 380 365 613 785 25 440 78 656 766 617 138 506 576 918 868 27 607 107 11 332 133 228 417 668 441 124 232 734 814 898 294 433 932 207 862 715 64 165 975 150 699 263 627 778 742 44 223 726 141 891 904 105 304 99 28 162 154 884 973 703 229 451 675 371 51 475 196 606 449 137 840 29 258 679 944 115 337 307 568 692 787 535 980 922 769 35 261 669 936 411 765 356 581 206 445 614 149 297 743 259 299 824 363 943 129 678 379 960 394 751 609 256 1 348 467 144 79 198 217 776 921 736 429 172 857 640 763 894 233 349 449 47 690 412 971 43 961 419 473 145 357 590 842 744 927 62 772 656 460 401 897 800 193 767 873 392 375 121 313 976 420 59 285 163 527 176 108 158 803 626 565 549 789 926 498 757 952 854 735 673 24 192 413 318 931 674 222 530 760 133 101 265 600 575 195 65 77 909 46 915 140 7 54 3 821 124 505 459 783 620 861 628 890 550 795 22 879 697 116 908 870 868 507 679 264 284 558 646 167 967 279 187 768 97 724 202 51 398 412 971 746 440 529 346 322 730 580 424 883 269 856 48 209 227 567 829 721 673 721 867 561 4 257 818 845 386 708 514 953 287 456 261 557 924 29 732 940 889 30 55 956 909 710 720 384 88 341 288 822 968 221 462 275 217 263 753 592 201 50 294 666 388 450 904 959 684 497 623 947 152 955 145 586 52 739 311 41 590 853 700 72 67 864 230 276 624 887 455 395 667 655 185 794 584 864 135 378 123 389 485 288 566 186 367 692 875 887 193 93 490 589 677 899 691 94 12 602 527 28 606 305 239 839 484 252 459 235 470 747 307 309 789 844 466 362 594 323 458 320 398 815 553 540 448 381 49 485 826 387 439 672 934 906 741 146 583 183 211 600 875 798 696 346 382 625 874 706 892 38 816 645 156 205 343 63 814 877 491 618 493 334 210 513 402 701 689 193 583 32 715 867 974 602 511 730 682 388 140 148 492 579 328 890 169 504 650 881 219 778 693 298 722 310 882 260 642 126 757 326 361 76 930 797 547 876 717 720 336 819 189 471 427 132 545 228 629 780 23 132 453 155 239 525 912 469 556 80 386 748 911 151 671 723 740 763 255 344 641 414 683 143 399 282 563 175 247 426 152 697 40 602 718 918 925 698 569 570 965 843 85 591 273 377 810 835 702 273 793 301 179 645 670 212 410 253 544 479 216 246 91 196 825 595 761 261 962 647 577 333 190 522 834 481 149 596 905 372 637 404 951 649 260 174 707 642 568 676 345 323 205 910 599 502 920 830 135 509 116 474 255 810 359 192 47 663 368 573 963
