1000
12 565
21 197
79 836
27 245
77 478
150 606
59 917
97 394
178 718
12 564
282 565
135 271
102 205
137 275
115 231
1 1000
5 396
5 395
5 397
5 419
370 741
370 921
3 462
3 461
3 463
3 506
144 289
144 420
73 612
73 611
73 613
73 679
338 677
338 811
53 575
53 574
53 576
53 658
42 570
42 569
42 571
42 613
124 249
124 453
248 497
248 515
100 406
100 405
100 407
100 439
60 508
60 507
60 509
60 554
281 563
281 777
68 725
68 724
68 726
68 801
225 451
225 725
156 313
156 365
31 525
31 524
31 526
31 531
139 279
139 328
16 441
16 440
16 442
16 466
107 657
107 656
107 658
107 874
138 277
138 339
332 665
332 1000
123 247
123 318
91 183
91 231
197 794
197 793
197 795
197 911
260 521
260 572
316 633
316 650
62 254
62 253
62 255
62 339
238 958
238 957
238 959
238 974
17 329
17 328
17 330
17 339
406 813
406 822
448 897
448 919
179 359
179 519
146 590
146 589
146 591
146 795
25 106
25 105
25 107
25 128
383 767
383 906
117 717
117 716
117 718
117 755
199 802
199 801
199 803
199 938
158 317
158 423
185 371
185 629
128 518
128 517
128 519
128 711
335 671
335 889
373 747
373 964
370 741
370 968
23 737
23 736
23 738
23 754
285 571
285 635
393 787
393 850
125 506
125 505
125 507
125 706
258 517
258 621
36 150
36 149
36 151
36 208
18 550
18 549
18 551
18 619
83 513
83 512
83 514
83 517
29 414
29 413
29 415
29 475
338 677
338 808
384 769
384 872
392 785
392 833
263 527
263 997
81 855
81 854
81 856
81 920
107 657
107 656
107 658
107 792
268 537
268 675
108 438
108 437
108 439
108 508
36 498
36 497
36 499
36 566
133 267
133 441
426 853
426 980
109 442
109 441
109 443
109 533
100 615
100 614
100 616
100 782
257 515
257 679
170 341
170 474
195 391
195 656
157 315
157 517
197 395
197 738
282 565
282 785
137 554
137 553
137 555
137 578
103 418
103 417
103 419
103 421
231 463
231 761
130 261
130 440
366 733
366 996
22 804
22 803
22 805
22 893
186 373
186 597
51 210
51 209
51 211
51 314
42 85
42 132
24 159
24 158
24 160
24 174
367 735
367 790
100 406
100 405
100 407
100 549
15 148
144 289
144 319
178 718
178 717
178 719
178 793
333 667
333 838
344 689
344 767
164 329
164 421
117 235
117 310
146 293
146 341
83 338
83 337
83 339
83 465
171 690
171 689
171 691
171 950
72 294
72 293
72 295
72 370
24 285
24 284
24 286
24 300
79 660
79 659
79 661
79 771
273 547
273 581
59 242
59 241
59 243
59 246
88 177
88 217
161 323
161 581
97 214
34 218
34 220
34 225
242 595
224 720
26 802
26 804
26 809
229 770
250 998
40 347
40 349
40 423
152 613
152 615
152 683
164 661
164 663
164 667
200 442
180 725
180 727
180 774
142 486
110 445
110 447
110 491
344 965
44 115
146 500
32 206
32 208
32 250
250 613
11 351
242 739
280 740
68 422
68 424
68 470
223 760
165 665
165 667
165 779
152 391
19 648
19 650
19 677
314 783
40 165
40 167
40 237
39 533
39 535
39 579
340 720
194 511
20 134
20 136
20 185
117 716
117 718
117 950
473 956
8 917
8 919
8 979
125 764
125 766
125 804
159 487
79 834
79 836
79 940
20 937
20 939
20 975
206 743
8 37
8 39
8 58
210 643
22 803
22 805
22 842
90 365
90 367
90 554
338 777
15 635
15 637
15 685
114 457
154 422
238 957
238 959
238 978
34 384
34 386
34 455
34 663
34 665
34 697
173 697
173 699
173 791
225 734
283 965
309 864
210 845
210 847
210 968
17 604
17 606
17 658
56 874
56 876
56 936
47 193
47 195
47 276
35 889
35 891
35 938
260 581
228 510
101 384
238 818
248 722
239 882
132 396
136 422
22 548
22 550
22 591
307 930
83 691
83 693
83 779
234 941
234 943
234 979
306 748
95 385
95 387
95 515
15 714
15 716
15 724
261 814
423 1000
338 952
137 553
137 555
137 648
168 677
168 679
168 840
93 572
93 574
93 616
133 446
73 297
73 299
73 435
223 536
334 706
160 463
310 835
348 736
131 360
275 665
148 902
148 904
148 929
13 327
13 329
13 349
46 290
46 292
46 338
386 859
270 541
332 805
408 848
348 765
95 787
95 789
95 927
30 599
30 601
30 634
144 460
156 629
156 631
156 829
255 767
137 553
137 555
137 779
14 404
14 406
14 407
408 910
233 735
14 343
14 345
14 390
393 947
30 599
30 601
30 625
226 530
53 134
50 205
50 207
50 281
275 819
104 265
218 751
150 426
42 569
42 571
42 644
107 656
107 658
107 759
422 977
93 377
93 379
93 428
270 862
3 855
301 830
7 785
137 932
77 435
113 312
96 406
299 652
15 105
395 845
105 700
57 453
150 904
191 938
475 981
122 580
16 187
121 256
43 401
25 415
93 532
258 979
83 652
64 156
68 362
112 814
20 145
425 858
36 775
225 958
58 557
168 691
211 987
102 421
58 438
83 843
245 548
47 185
89 916
347 729
10 478
213 453
79 843
335 850
4 520
3 363
140 735
232 503
126 934
270 994
92 399
359 780
346 887
86 670
157 351
53 180
134 779
409 935
361 877
341 849
234 703
250 663
288 855
356 972
130 358
354 958
191 645
20 154
179 790
463 992
169 717
23 122
62 439
93 796
209 669
412 848
221 592
233 764
276 742
337 912
43 922
35 525
49 979
326 685
126 892
335 866
430 970
234 993
246 762
110 466
204 582
261 854
302 735
9 597
3 529
180 938
24 576
130 728
209 546
260 644
43 354
92 473
281 611
375 831
201 580
83 310
45 167
71 832
184 937
92 701
2 987
164 522
86 851
136 640
154 804
55 781
232 871
355 850
171 351
211 919
147 838
222 769
267 918
95 476
117 468
47 598
36 245
126 539
38 905
103 520
14 742
278 712
17 302
271 925
284 581
57 664
98 993
24 590
2 53
3 133
325 990
271 593
306 679
199 849
350 768
257 519
79 745
168 671
249 589
143 479
88 307
67 787
216 795
432 947
332 789
8 481
351 826
178 870
84 380
224 659
135 692
79 479
35 368
11 474
192 566
74 390
34 763
367 869
249 563
300 725
429 943
11 274
302 957
72 563
4 419
221 552
120 244
366 1000
54 855
328 916
71 534
151 337
44 926
150 746
207 764
40 750
35 818
61 419
98 702
86 698
420 942
93 731
138 745
110 572
399 890
208 663
212 761
114 799
29 137
218 914
20 561
320 641
211 862
48 410
387 820
410 905
189 677
132 272
193 440
112 356
27 998
135 529
150 787
224 992
183 696
224 456
40 525
153 380
159 513
127 513
12 793
246 774
103 490
285 687
41 207
387 937
346 716
209 870
134 955
22 468
72 587
237 917
122 523
355 957
12 468
350 875
10 434
453 924
124 806
42 348
215 456
278 959
8 757
10 816
164 640
193 467
340 942
11 717
144 656
102 282
87 485
5 76
143 851
172 692
26 923
52 857
20 154
367 820
308 631
114 861
17 938
292 710
36 115
257 542
69 395
229 681
153 706
20 471
117 849
276 996
28 173
16 339
162 664
188 528
92 555
28 645
194 825
10 355
372 746
313 771
42 841
26 98
281 874
340 783
163 886
214 462
71 828
38 228
252 892
63 401
242 773
313 901
238 480
97 709
12 766
40 243
65 158
36 378
169 690
3 992
2 359
27 701
237 544
71 172
275 872
68 824
185 578
191 992
266 753
252 789
113 572
53 991
63 864
131 875
190 454
30 540
313 698
14 740
88 377
93 956
261 523
71 275
37 759
251 846
313 769
28 719
146 553
150 761
244 652
84 430
395 889
2 556
253 992
95 532
7 231
127 547
203 683
321 905
111 796
313 964
306 779
16 335
344 970
390 864
159 433
28 969
38 431
325 990
101 218
56 372
26 479
322 837
205 754
131 648
73 246
221 677
75 329
25 593
276 803
150 932
43 297
232 806
3 87
304 989
29 821
91 994
232 646
221 615
84 496
290 913
67 586
400 867
73 946
306 808
30 351
194 436
178 470
355 754
187 617
91 414
358 824
65 884
423 850
205 519
59 537
109 833
171 950
368 922
177 690
151 702
276 619
139 484
289 800
230 918
17 438
56 214
21 434
388 813
139 522
278 670
337 750
86 494
312 674
344 810
49 491
95 535
423 972
410 952
299 780
20 705
95 610
58 459
259 940
266 555
437 1000
72 175
25 585
294 906
99 650
297 665
137 882
429 953
42 891
70 355
273 847
387 910
199 952
178 763
192 576
202 607
302 605
79 691
174 550
197 715
66 593
320 705
37 994
256 532
197 784
152 987
163 377
231 808
82 910
225 816
221 961
149 707
267 953
53 473
130 484
120 966
119 574
415 964
59 442
146 553
285 867
89 362
45 174
266 774
59 476
352 974
