100
7 12
268 264 268 2913 2909 2914 1815 1812 1813 1815 3793 3805
3045 261 2915 2898 2905 1816 1800 1811 1813 3800 3789 3801
3044 256 252 2909 2907 2909 1809 1813 1815 3799 3787 3800
3036 2013 242 3350 3368 2913 1810 2319 2317 3798 3784 3795
2012 2009 2017 3364 3368 1983 2316 2315 2316 2317 3800 3734
79 2020 150 3365 3366 1981 2315 2313 2311 2316 3737 3717
94 165 148 165 1996 1976 1989 2310 2309 2311 3603 3601
2 16
4249 4237 4238 1685 1673 1691 2718 4574 2817 884 1336 1005 4146 4150 4151 2383
2457 4238 4242 1687 1685 2729 2716 4561 882 865 1154 4120 1382 1523 2397 2380
1 1
9
27 2
2026 2014
2021 2009
2017 2007
2022 2027
2025 2031
2026 2034
2039 2035
2040 2037
2044 2038
2046 2041
2051 2042
2051 2046
2054 2048
2055 2060
2059 2064
2060 2065
2065 2068
2066 2072
2071 2077
2073 2080
2089 2085
2091 2088
2096 2090
2092 2091
2094 2095
2096 2100
2100 2103
3 7
417 909 365 1677 4822 3314 2094
403 2224 2210 3380 3429 3438 3058
356 370 2213 397 396 401 820
2 31
4000 4000 2512 2516 2521 209 204 201 204 1113 1108 1103 1122 2119 2114 2110 2121 4263 4825 4815 3040 4177 4197 917 931 311 1672 1660 1680 1298 1299
3999 3990 2493 2512 2517 210 208 207 211 1118 1126 1125 1145 2123 3170 3165 4268 4260 4276 381 390 4190 4195 923 309 295 4213 4199 1294 1293 1298
100 100
319 322 317 314 310 314 302 301 302 289 279 278 277 273 270 266 262 271 273 278 262 260 254 253 255 260 264 265 247 247 243 240 241 240 235 239 241 240 246 199 194 189 184 183 185 182 180 168 166 163 159 156 145 141 140 137 132 127 125 123 118 116 111 109 106 104 108 103 105 69 65 61 57 55 50 55 50 39 35 35 34 26 14 13 10 14 21 22 26 39 42 47 45 48 49 58 58 59 61 63
315 323 320 307 306 302 299 297 298 286 279 290 285 269 266 265 260 269 269 250 244 255 253 252 247 254 266 248 245 243 242 236 237 237 232 236 238 239 241 213 210 200 185 182 181 176 175 176 162 161 158 155 150 149 147 132 127 124 122 121 119 109 112 107 105 101 99 98 99 92 67 60 58 50 48 48 47 37 34 32 30 24 21 11 9 14 16 18 33 36 47 43 41 45 49 54 56 60 60 66
314 315 305 302 301 297 295 295 290 284 278 275 282 268 265 263 259 264 267 248 243 244 251 249 246 251 234 245 242 239 238 233 232 228 227 227 229 234 238 207 205 197 192 190 186 174 173 172 169 164 152 149 146 144 142 135 130 127 124 125 111 107 106 109 109 97 95 94 93 87 84 81 52 47 44 40 42 40 39 29 26 22 17 13 0 7 10 23 28 30 42 38 39 43 47 52 54 56 57 61
312 311 306 300 299 296 292 291 287 283 277 273 278 279 266 261 257 262 249 245 240 243 249 244 243 248 233 233 233 245 240 236 226 224 222 223 234 231 229 203 202 198 197 195 182 179 178 171 164 163 151 150 146 142 141 136 134 131 128 128 108 104 101 100 97 102 98 93 91 84 79 78 63 45 40 39 39 37 29 27 31 20 18 3 2 5 16 20 23 25 35 37 40 43 48 57 62 63 65 79
311 306 301 300 296 292 289 285 281 278 273 269 274 275 260 254 254 249 244 241 237 242 245 242 238 242 230 232 229 234 242 226 221 220 219 221 223 228 225 228 205 199 200 197 183 181 173 168 163 161 156 153 150 149 146 141 139 134 131 111 107 105 97 96 93 92 91 90 88 82 78 75 60 58 38 37 35 33 29 26 24 20 19 7 6 10 13 15 18 23 34 35 38 40 50 59 60 64 72 74
315 313 308 305 301 297 294 287 286 266 265 264 265 261 255 250 251 245 236 235 234 235 236 235 234 238 228 229 227 221 227 222 219 217 215 217 221 221 220 225 229 230 204 181 180 176 175 170 167 163 160 154 152 150 147 146 142 119 117 116 114 109 98 99 95 90 88 85 84 79 75 73 58 54 53 40 38 34 30 27 22 20 18 14 9 14 18 18 19 22 31 34 42 41 42 60 63 65 67 72
316 313 311 306 304 300 294 292 269 268 267 262 261 258 253 249 250 242 247 251 232 230 232 227 233 228 226 228 224 218 219 221 216 214 212 217 218 220 215 218 214 219 194 192 189 187 180 171 169 167 165 167 155 154 151 147 144 140 136 131 130 128 124 120 98 97 93 88 83 78 76 72 71 53 52 47 42 38 36 32 38 21 21 15 14 17 20 22 23 27 30 31 39 40 44 61 66 68 70 73
320 316 312 310 308 301 274 270 267 265 262 260 257 254 252 247 249 239 245 250 217 226 227 226 230 226 223 225 222 217 214 216 215 214 210 212 215 216 214 211 211 214 216 195 189 185 176 175 173 172 169 167 165 159 150 151 144 140 135 133 129 133 121 116 116 110 95 89 85 80 73 70 67 60 56 49 47 44 41 36 33 29 24 19 17 18 22 26 27 28 31 34 38 39 44 63 68 71 80 75
322 321 318 313 286 274 273 268 265 263 269 265 260 248 247 242 237 235 242 216 214 222 220 225 216 216 221 222 218 214 212 213 218 208 205 207 214 211 211 206 210 212 206 191 188 183 181 176 193 172 167 165 160 148 146 145 136 133 136 131 127 123 115 114 113 108 103 91 89 82 74 70 65 62 59 64 50 46 44 49 33 31 24 20 21 19 20 28 33 30 36 37 40 42 55 56 56 73 80 87
329 326 288 286 284 282 277 272 262 258 255 270 250 247 243 239 234 232 237 239 209 221 215 207 215 213 217 222 217 212 210 209 213 206 203 205 210 206 203 202 201 198 203 199 197 197 193 195 191 194 162 157 155 150 145 140 135 130 128 125 124 120 115 118 115 104 99 97 93 88 84 71 68 67 62 66 52 48 45 46 50 32 28 24 23 22 38 33 37 41 49 48 42 47 52 53 54 72 78 82
286 294 292 288 286 286 280 266 262 257 254 251 247 243 240 236 232 230 235 213 205 219 211 204 205 210 214 217 215 215 209 206 212 201 199 201 204 206 203 199 198 196 200 202 196 192 192 193 189 191 151 155 154 152 144 140 134 129 126 124 120 115 110 109 110 108 98 93 90 85 83 80 77 72 66 68 54 52 47 47 51 52 29 26 24 25 37 34 38 40 45 46 51 51 53 56 60 71 74 78
284 290 293 273 268 267 267 267 263 259 259 251 249 245 244 233 231 227 230 208 204 216 210 203 203 207 212 214 213 211 207 204 207 196 195 198 201 204 205 200 194 192 197 200 194 189 188 185 185 188 147 145 143 139 138 137 136 133 129 127 121 120 112 108 105 103 98 94 88 87 88 81 78 74 77 73 74 57 51 54 52 32 31 30 33 30 40 37 43 44 49 48 55 61 57 59 64 68 71 74
282 287 289 290 266 265 262 259 254 252 251 257 253 238 235 230 229 224 222 200 199 211 206 201 202 206 210 217 215 212 203 199 201 193 192 194 198 201 201 197 193 190 193 198 190 186 184 181 182 183 185 148 145 141 139 140 139 138 133 129 124 123 115 111 110 108 101 97 93 92 97 84 81 78 81 77 81 58 54 56 54 57 32 31 45 42 38 50 46 48 50 55 60 62 58 60 65 73 77 77
279 274 294 269 265 262 257 258 256 251 246 236 231 230 225 226 223 220 217 196 194 200 198 196 197 184 186 205 201 200 196 195 198 194 190 193 198 201 198 197 194 189 190 192 196 188 181 176 179 184 187 149 163 144 142 146 144 143 136 131 129 126 117 116 114 109 112 109 105 93 102 97 86 79 82 78 81 60 55 64 59 58 60 32 43 39 37 35 48 49 51 56 59 47 63 64 65 74 78 79
274 270 270 267 269 257 256 253 251 250 244 240 241 228 223 218 216 216 215 194 190 191 193 192 184 182 184 189 197 193 192 191 196 183 187 187 192 202 196 193 189 187 188 189 194 199 176 172 176 185 188 164 161 159 155 154 151 146 137 133 129 124 120 118 117 114 108 106 104 100 96 95 91 88 87 82 83 63 56 68 63 60 47 42 42 38 34 32 34 46 47 48 52 46 50 66 70 74 65 81
273 269 267 265 261 255 251 250 248 246 241 239 236 222 220 216 214 212 212 190 187 186 189 187 182 181 182 186 182 186 191 186 179 178 183 186 146 198 194 191 185 182 186 173 167 181 176 171 171 174 178 165 162 157 156 159 156 148 149 132 130 126 122 121 120 119 115 111 106 103 100 99 93 92 89 89 88 91 59 56 67 49 46 38 39 38 31 30 35 41 45 48 48 41 42 47 72 64 60 62
272 268 264 261 257 258 254 252 246 239 240 238 233 233 228 217 211 209 207 203 188 183 188 187 185 180 177 179 179 183 181 181 179 177 181 140 142 144 189 186 184 179 181 169 165 167 162 166 168 170 176 185 167 160 159 158 156 153 154 136 132 128 137 132 127 122 117 115 110 106 102 102 98 97 102 96 92 65 59 54 55 49 44 36 35 34 29 26 30 36 39 43 46 39 40 44 47 59 57 58
263 258 256 255 254 259 256 248 243 238 234 232 229 225 225 220 212 207 204 200 182 179 181 184 182 178 175 175 178 180 179 178 178 173 177 135 140 139 136 191 180 176 169 166 163 162 160 162 164 168 173 181 186 190 162 161 158 154 158 161 147 142 137 133 129 127 119 115 114 108 104 106 100 99 105 67 64 63 56 51 50 45 42 45 37 37 30 25 32 33 38 42 31 34 44 43 44 61 56 56
264 260 257 254 253 252 247 244 241 237 233 229 224 220 217 215 212 209 200 195 182 177 177 173 169 174 171 174 176 174 170 175 173 171 176 133 139 136 131 135 177 173 168 164 160 158 159 160 165 169 170 180 183 187 167 165 162 158 205 148 146 133 129 126 122 120 117 116 112 111 109 112 113 115 83 63 61 60 55 54 55 42 38 36 32 30 28 23 28 32 34 21 26 32 40 39 43 46 51 54
269 264 256 256 251 248 243 241 240 236 232 230 226 223 220 217 213 214 197 194 179 174 174 169 168 170 167 159 172 171 166 161 160 167 170 132 137 133 130 135 159 178 166 161 159 157 156 156 165 167 172 177 179 181 217 214 211 206 202 146 144 143 139 128 131 127 122 117 113 116 111 114 88 82 81 69 65 61 57 56 38 36 34 33 30 25 22 19 17 18 19 20 21 29 35 37 41 43 46 49
262 255 254 255 252 251 243 239 245 240 235 232 212 212 207 202 200 198 193 190 176 173 171 168 165 162 163 158 163 157 164 160 159 164 138 130 128 132 129 150 155 165 160 156 155 152 153 155 160 165 168 173 178 216 215 215 205 201 199 147 145 142 138 134 129 125 122 118 114 116 92 91 86 81 77 76 67 65 62 64 56 42 40 36 35 26 21 16 14 16 18 19 22 27 32 37 42 44 48 50
258 256 251 249 247 242 238 235 238 241 239 216 211 206 204 199 198 196 193 187 188 177 173 168 163 161 159 156 157 154 159 155 157 161 137 138 127 126 124 149 150 139 136 141 151 147 152 153 164 165 167 170 174 219 214 211 206 201 197 195 194 145 141 153 134 127 124 121 117 117 122 94 91 83 73 71 67 66 55 53 51 46 45 40 20 19 15 13 9 12 14 17 20 24 16 15 21 24 40 41
263 259 238 247 246 242 237 232 231 212 211 207 206 201 199 197 195 192 189 183 183 179 183 175 171 166 156 155 154 153 156 151 152 156 132 133 126 124 122 146 144 137 132 137 138 143 148 157 166 167 168 111 116 213 215 205 201 196 194 190 192 193 151 148 147 133 129 122 118 122 125 80 78 75 72 70 68 55 54 50 49 47 47 45 24 19 14 13 0 1 3 7 8 11 12 14 18 20 36 37
265 234 233 228 250 231 229 227 226 220 216 210 208 200 198 196 193 189 186 182 178 177 178 175 174 161 156 152 149 148 149 147 149 130 130 125 125 121 120 142 140 136 131 134 139 141 142 143 144 148 151 110 113 210 208 203 199 199 201 186 189 149 146 144 143 139 134 127 119 124 87 83 80 78 78 66 65 64 59 56 51 48 50 25 20 18 16 8 7 2 7 8 9 15 17 18 21 22 32 34
238 231 228 226 224 220 228 226 221 218 213 208 206 201 199 197 193 190 186 185 180 175 177 173 176 163 159 147 146 143 140 145 129 125 129 120 122 119 116 140 137 134 129 132 136 139 143 150 147 150 110 108 106 209 205 198 198 196 197 183 186 186 151 148 147 143 138 132 120 127 91 88 82 77 76 72 68 60 59 57 53 49 51 25 24 20 18 16 11 7 8 9 11 13 20 23 24 27 29 31
235 228 226 223 220 217 229 227 223 220 209 205 204 199 198 197 192 191 185 182 178 173 172 172 176 166 149 147 151 141 138 142 122 120 125 116 118 122 113 111 139 124 124 128 138 142 146 149 144 147 108 106 101 102 200 196 195 194 185 182 182 185 165 164 148 147 164 171 124 88 87 85 80 79 74 72 68 62 61 58 58 53 32 30 27 24 24 21 15 16 11 14 16 19 21 28 27 29 30 33
230 224 221 222 219 214 212 229 207 216 215 210 199 198 197 195 192 187 184 180 176 173 171 167 165 162 147 143 141 137 133 137 123 118 115 113 117 124 111 110 122 119 120 124 126 146 135 138 142 95 108 103 98 100 105 191 187 189 192 181 180 184 163 161 160 161 163 167 167 93 91 81 79 78 75 71 67 61 57 53 53 48 39 36 35 31 29 24 17 19 16 19 19 22 24 29 39 33 32 35
226 220 218 225 224 212 208 205 202 214 206 204 203 203 202 197 193 189 187 183 173 170 166 164 163 159 160 143 138 134 129 123 118 114 111 108 113 120 118 108 112 116 119 121 121 125 131 135 137 94 93 95 94 97 192 189 184 185 187 179 176 178 161 159 159 157 161 162 164 91 87 85 80 75 72 68 65 60 56 51 47 45 40 37 38 36 34 25 21 23 27 30 23 25 29 33 34 38 37 37
223 220 216 217 214 207 205 200 199 209 204 203 201 199 194 192 197 192 192 187 167 164 163 161 162 158 161 145 141 130 126 121 118 117 112 107 103 118 113 107 110 113 114 118 120 124 127 134 139 91 88 95 93 97 185 181 179 184 179 174 171 167 159 154 147 155 159 163 100 91 91 87 86 76 75 63 62 61 57 52 48 48 41 40 44 40 38 41 30 28 28 33 36 35 34 35 36 51 38 42
222 218 215 212 209 204 201 197 194 204 201 206 196 193 189 187 181 179 174 171 163 161 159 156 154 153 156 161 146 132 120 117 113 112 105 104 102 107 109 104 109 115 117 121 122 126 129 131 135 87 85 84 88 85 91 178 175 177 167 166 168 164 155 150 146 150 151 156 95 90 86 88 83 83 75 72 67 58 56 53 55 58 53 52 47 42 39 41 37 35 33 35 39 40 39 41 44 49 50 53
224 222 201 200 201 197 196 192 189 202 199 199 196 191 187 184 176 175 172 170 164 159 156 154 149 148 149 146 137 135 122 118 112 110 105 101 100 105 104 103 107 112 116 117 122 129 131 71 70 73 81 80 84 84 88 118 173 169 164 162 161 159 154 149 145 146 148 149 100 85 84 81 79 78 74 72 68 66 58 56 59 56 54 54 52 47 45 43 38 40 35 40 41 43 40 46 48 51 51 54
211 206 202 199 197 194 192 189 185 198 195 193 188 188 186 181 173 168 165 166 159 157 152 151 150 146 150 145 136 131 116 112 110 106 108 102 97 102 99 100 105 116 96 93 94 96 69 68 66 71 77 78 80 79 80 113 172 168 162 159 161 155 153 151 140 141 153 143 147 87 89 83 81 79 75 73 67 62 61 60 63 62 60 59 51 50 46 48 48 45 39 44 45 45 45 50 53 54 59 66
212 209 204 210 196 193 190 186 183 198 193 188 184 182 178 176 171 167 163 161 157 156 150 149 145 141 145 140 134 129 123 120 108 105 103 100 96 101 97 90 91 99 94 89 92 73 73 68 63 70 76 77 79 75 79 108 167 164 160 155 157 152 145 149 136 141 134 141 145 144 150 84 80 77 76 74 66 63 70 65 68 65 65 58 55 53 47 52 49 48 40 45 49 48 59 57 54 56 59 64
207 203 202 206 198 192 189 184 179 175 182 181 180 176 174 172 170 167 162 159 155 154 152 147 142 140 140 135 128 125 120 117 112 108 107 99 94 91 92 89 86 89 82 86 91 68 73 65 59 67 72 76 73 74 104 106 174 169 152 151 145 148 143 146 134 138 132 137 136 141 145 147 98 82 80 79 78 73 71 67 81 74 70 67 65 52 49 54 52 46 43 47 49 50 62 56 55 59 63 66
206 206 200 196 194 191 188 185 179 174 176 175 170 172 170 169 166 161 160 156 154 152 149 145 140 139 143 132 111 109 108 106 103 102 97 93 90 89 91 84 83 79 79 83 85 65 65 64 58 65 64 71 72 73 101 104 106 135 132 149 144 143 138 143 129 134 130 132 133 137 138 141 96 91 89 87 83 77 72 79 76 72 67 64 63 58 53 55 59 49 44 51 56 57 63 57 56 62 67 71
204 201 199 197 192 187 184 179 174 172 168 170 169 164 160 156 149 165 164 158 158 155 153 142 141 135 134 127 123 120 114 106 102 99 97 95 91 88 90 88 79 76 78 86 65 64 61 59 57 62 63 66 100 96 97 101 106 103 127 122 141 140 135 128 127 129 127 128 129 141 142 149 100 94 89 89 85 91 88 85 80 77 71 67 64 55 54 56 61 54 46 54 60 62 65 61 66 63 72 74
205 204 196 194 189 184 180 175 171 167 166 160 159 163 158 155 147 151 143 142 147 158 150 141 136 131 130 125 123 115 111 106 101 96 92 90 88 84 81 83 78 72 73 81 67 64 63 54 53 58 63 101 98 94 93 96 101 100 125 120 122 131 130 126 122 125 126 131 133 136 153 146 153 164 88 87 86 86 83 86 84 73 72 71 67 61 59 60 63 52 49 54 62 63 66 63 66 68 77 77
206 207 201 196 193 185 183 179 169 165 164 159 158 157 154 150 143 142 141 140 145 150 146 145 140 135 128 123 118 117 116 104 99 94 89 87 83 80 79 78 74 70 72 76 65 61 61 57 51 53 60 97 94 93 89 92 96 99 123 119 117 115 132 121 120 122 123 128 131 141 148 145 149 162 166 84 83 82 81 80 79 77 75 78 67 65 61 61 66 54 53 57 66 65 67 65 70 69 80 78
210 212 203 197 197 198 185 172 167 163 162 161 160 158 149 146 141 140 138 136 135 146 144 142 139 136 100 123 119 122 119 104 100 96 92 89 84 84 80 83 69 65 59 59 61 58 57 52 48 50 55 56 68 85 88 90 92 95 99 122 112 111 114 121 116 117 122 133 138 139 143 144 148 158 160 161 85 93 88 86 82 83 79 80 70 71 66 64 68 72 56 58 59 67 71 69 71 73 81 86
225 228 208 198 199 203 174 173 171 169 168 166 164 159 151 147 144 141 136 134 132 115 113 110 107 102 98 96 94 93 89 91 87 99 94 92 85 86 76 73 68 63 58 57 58 62 48 48 45 48 51 53 64 80 83 88 92 98 102 110 108 107 109 111 113 114 117 121 140 141 142 146 155 157 159 162 98 93 90 89 83 88 80 85 78 76 69 68 72 77 63 62 64 72 77 71 74 84 82 85
221 223 227 196 194 192 191 182 178 172 171 170 157 155 153 150 148 143 139 132 129 124 108 104 103 98 96 92 91 86 88 88 84 82 81 76 69 69 67 63 61 60 56 54 55 60 47 41 43 44 52 57 62 77 78 89 85 93 98 101 99 105 105 106 108 112 114 119 122 145 144 149 152 156 157 161 98 95 93 93 84 92 107 112 83 79 74 73 78 80 84 65 67 70 75 79 79 90 85 88
216 218 211 192 191 188 186 181 176 172 168 161 160 158 155 152 145 140 135 131 126 121 112 109 107 103 98 89 86 85 84 81 79 72 75 72 67 68 68 64 61 58 55 52 47 48 44 39 41 45 48 54 57 72 79 84 83 89 88 96 96 100 101 103 115 114 117 119 131 136 139 140 154 155 159 165 100 97 97 90 86 91 104 107 108 78 75 77 82 83 68 66 72 74 76 81 93 92 88 90
215 211 208 196 193 191 187 174 170 168 166 165 162 159 158 153 153 140 139 124 121 118 114 113 108 106 89 86 84 82 79 78 76 71 70 67 63 66 44 41 43 41 37 47 44 39 43 38 39 40 44 49 52 71 75 80 82 85 87 91 93 97 106 107 111 114 120 122 126 130 140 143 159 158 164 105 101 98 97 94 91 95 100 104 112 117 80 80 84 86 70 67 75 75 78 82 97 96 91 92
212 208 206 207 195 193 188 187 171 172 167 170 165 161 159 154 152 147 144 126 122 117 114 113 111 108 109 93 89 84 85 80 80 75 66 63 61 60 43 40 34 38 33 34 38 37 36 33 36 39 41 65 62 68 73 77 83 86 87 92 97 98 109 114 114 116 117 122 125 127 130 141 164 165 167 106 103 99 100 95 92 99 103 109 116 117 83 82 93 90 84 82 77 82 83 88 89 99 96 97
205 204 203 201 194 196 189 186 182 183 179 175 168 165 160 154 153 150 146 129 127 131 119 116 115 111 94 93 89 85 80 78 75 71 65 60 57 55 36 35 32 29 28 31 26 36 32 32 37 42 43 60 58 63 67 72 65 88 89 77 100 100 112 117 117 121 133 132 135 130 133 136 138 168 174 108 113 108 103 98 106 102 104 105 109 114 118 87 96 93 88 84 79 84 88 90 90 100 98 99
205 201 198 196 193 191 185 181 177 178 176 172 169 140 134 130 131 128 148 130 126 122 120 117 117 89 84 82 80 80 77 75 71 66 61 57 55 50 49 36 33 30 27 26 23 22 27 29 31 44 59 56 55 56 71 62 63 68 67 72 73 103 107 127 122 125 129 131 136 134 137 138 160 165 169 172 117 113 108 111 110 104 106 106 110 117 120 89 92 94 86 85 82 89 95 93 93 104 102 104
181 203 199 195 190 188 183 178 173 173 171 169 165 136 131 127 126 124 119 123 121 113 96 95 92 88 83 78 76 72 65 63 64 69 60 56 52 49 46 47 40 27 24 23 21 20 22 25 33 38 37 58 51 53 54 59 60 61 63 66 77 82 86 90 126 129 132 134 143 136 152 155 159 161 171 175 119 116 116 113 111 109 111 107 108 120 94 90 92 92 91 87 83 88 91 96 100 108 106 105
178 200 198 195 192 191 186 175 171 169 166 163 161 159 153 131 127 121 116 119 116 111 108 103 88 84 79 74 71 70 70 61 60 65 58 53 53 46 45 45 39 33 29 20 18 15 14 29 31 34 36 53 48 49 53 58 63 64 67 68 69 70 89 90 129 131 135 139 142 146 149 151 155 105 172 115 122 118 119 114 116 111 113 110 125 125 137 93 143 96 95 96 100 89 93 98 102 112 110 107
176 172 201 197 196 193 178 169 168 166 161 160 157 154 151 155 117 116 115 115 110 107 106 100 76 74 73 72 70 69 65 63 59 58 54 52 49 45 44 42 38 34 31 21 14 10 9 24 26 29 34 44 47 50 54 57 58 59 63 64 68 69 71 75 79 83 87 90 145 148 154 156 112 104 111 111 116 121 121 117 117 114 115 121 123 126 132 136 139 141 97 99 102 94 97 101 104 109 112 110
175 169 167 162 177 175 173 172 171 169 162 153 152 150 148 144 117 114 111 110 109 104 101 99 95 77 76 73 72 74 70 62 58 56 55 58 53 46 49 47 42 25 25 16 11 9 0 20 21 32 35 39 43 48 52 55 57 60 62 66 67 68 76 77 83 87 88 100 97 96 100 106 108 102 106 108 112 130 126 121 118 117 109 117 121 126 129 133 134 136 98 101 102 105 102 106 106 117 113 115
172 168 164 161 164 167 162 162 173 172 159 156 154 149 145 143 142 116 138 108 103 99 97 94 92 80 79 78 77 78 72 66 61 60 60 40 38 36 37 28 26 22 20 17 13 10 3 22 23 35 36 42 44 45 50 56 59 60 61 68 72 100 101 102 85 86 90 99 96 93 98 102 104 98 101 102 105 106 130 126 114 111 108 112 117 122 124 127 128 130 99 105 108 110 105 111 114 119 114 119
170 166 160 156 159 161 158 160 162 159 157 152 150 147 147 142 141 135 137 121 102 101 97 93 91 89 84 82 74 73 74 64 63 62 41 36 34 33 32 29 26 25 22 22 14 12 6 10 26 37 38 47 46 48 49 59 62 65 68 90 92 96 99 105 90 90 98 94 90 89 89 87 91 93 96 97 98 109 113 111 109 105 103 107 111 123 125 128 132 137 139 141 143 120 117 115 115 119 123 125
166 162 157 153 156 157 155 160 160 158 156 152 148 146 143 139 136 134 134 118 111 107 105 96 92 86 85 85 75 72 70 65 64 45 40 37 35 37 37 36 31 26 30 24 21 17 7 11 12 13 40 48 51 52 55 59 64 66 71 86 89 93 98 109 95 97 96 89 87 85 84 85 87 88 96 97 102 108 109 106 105 103 102 103 105 108 113 116 129 132 136 138 150 127 122 117 118 122 124 126
160 153 151 149 151 148 150 155 164 162 158 153 150 146 142 140 136 132 133 115 111 107 103 100 95 88 86 86 76 73 69 68 67 49 44 38 49 47 42 39 35 30 32 26 22 18 9 12 14 56 55 52 56 60 57 60 61 66 80 81 86 90 102 71 78 95 92 91 88 83 82 83 89 90 94 96 101 105 110 115 103 99 98 101 102 104 108 112 127 128 133 136 146 128 125 122 159 164 168 171
158 154 150 146 146 145 149 154 157 154 150 145 142 137 139 137 134 131 127 128 114 109 108 101 99 89 84 82 78 74 70 70 69 52 57 55 51 49 45 42 40 31 36 30 26 27 12 15 16 29 54 53 61 64 59 65 69 72 76 81 82 84 67 70 75 78 63 65 71 73 77 78 85 89 92 97 99 104 84 103 99 96 93 100 106 106 111 128 125 127 138 142 143 148 126 156 154 158 163 166
162 145 150 145 144 142 145 142 146 143 139 139 136 132 142 141 131 128 123 127 131 113 111 108 105 91 87 87 81 79 85 80 76 72 59 57 52 50 47 39 36 33 34 34 27 28 24 19 23 28 30 57 59 67 72 69 72 73 78 85 73 71 65 68 70 62 60 61 66 68 74 77 81 83 89 93 94 99 82 86 88 90 92 97 102 102 101 124 123 126 139 143 144 148 153 154 152 157 160 157
144 142 140 148 144 139 143 140 147 138 136 133 130 130 132 145 125 122 120 122 135 116 107 104 101 106 106 104 100 80 79 74 73 70 65 55 53 58 61 42 39 38 38 35 30 31 28 23 24 30 34 35 64 46 72 71 76 78 80 72 68 67 62 62 54 63 58 57 63 68 71 76 81 86 87 91 92 97 81 84 87 88 91 94 96 99 100 105 118 119 124 124 123 124 152 151 149 146 156 152
141 138 138 133 139 137 138 135 142 137 134 129 127 126 128 132 123 121 117 119 122 108 106 102 100 102 89 101 96 101 105 79 69 66 62 58 54 56 58 60 41 39 41 38 33 35 29 26 28 33 39 37 40 42 47 75 79 84 72 68 67 62 57 57 52 66 62 56 59 64 65 61 86 90 95 96 71 76 76 81 85 86 89 90 93 96 101 115 114 119 121 125 122 126 147 150 145 141 142 147
140 135 135 131 135 133 134 134 136 118 136 131 126 123 124 128 117 115 112 116 118 106 104 100 97 98 88 90 92 95 75 71 68 67 63 59 58 58 62 65 53 49 45 42 36 36 30 27 31 36 40 39 42 47 50 52 81 84 85 83 65 61 56 52 48 61 58 54 58 59 63 58 64 60 59 61 66 72 73 76 81 90 92 96 100 101 111 110 113 117 121 118 120 124 146 141 142 138 138 145
136 132 130 129 126 131 130 131 135 115 114 127 124 120 112 112 111 110 107 112 106 102 99 94 93 92 83 87 91 95 89 73 72 69 68 64 69 66 63 65 54 50 48 39 37 54 51 40 35 40 45 40 45 49 55 60 86 87 79 78 60 59 54 52 47 49 54 51 53 58 60 56 61 56 58 61 63 68 71 80 84 93 95 99 102 107 103 107 109 114 120 117 119 122 133 139 134 133 137 140
134 130 127 125 123 128 126 129 117 114 113 113 118 115 110 109 112 111 106 104 105 94 93 92 91 87 80 83 93 97 87 83 76 72 76 69 71 70 64 63 58 52 47 43 42 50 47 42 39 44 94 99 49 51 52 79 77 65 60 74 68 54 52 48 46 49 52 48 51 56 61 55 53 54 59 66 66 70 77 76 97 92 93 98 99 98 99 103 104 108 120 116 119 121 129 135 129 130 136 140
131 129 124 125 118 122 124 126 115 114 112 111 110 108 106 105 110 107 105 102 101 95 92 89 84 82 79 83 85 87 83 79 81 74 71 74 67 68 67 65 59 78 76 48 59 56 51 43 41 94 93 95 98 73 80 77 72 64 59 69 65 55 49 46 43 42 41 45 46 59 49 51 51 54 70 62 63 67 72 75 78 90 85 90 98 94 97 99 106 119 115 112 115 120 125 130 127 129 133 136
126 124 123 121 115 120 121 125 155 120 116 110 105 103 105 102 106 94 102 97 98 99 94 93 89 78 76 77 62 61 82 78 76 74 67 65 64 65 66 64 69 79 75 75 65 61 56 57 42 91 90 94 76 71 74 71 70 57 56 55 62 50 46 45 40 37 36 40 45 48 48 48 49 54 66 60 61 63 68 82 88 86 81 86 94 93 96 97 102 104 114 110 123 119 122 124 124 127 129 132
115 117 120 117 114 119 122 153 150 145 118 113 105 102 100 100 101 93 98 94 95 98 78 74 80 73 71 76 58 58 62 74 71 69 64 62 63 62 65 61 62 77 74 70 72 64 59 64 47 86 89 93 72 67 70 71 66 59 55 53 57 53 45 45 41 38 33 34 40 44 45 47 52 55 63 58 59 62 67 78 72 84 79 79 91 91 92 92 95 98 110 106 120 115 116 120 123 126 126 127
114 116 120 118 113 118 119 125 145 141 140 145 108 104 99 98 97 92 88 89 92 82 77 73 76 71 70 73 57 55 57 76 75 72 59 57 60 61 59 58 62 65 74 69 74 68 64 65 86 84 87 91 67 62 63 57 65 56 52 49 52 50 42 42 43 30 29 30 35 37 41 45 49 53 52 56 61 65 68 73 70 71 77 78 89 89 88 91 92 94 107 103 107 112 113 118 119 122 125 127
109 113 118 113 108 114 116 120 145 140 139 144 129 104 102 100 91 87 85 84 84 85 77 72 68 65 67 64 67 54 50 49 44 52 52 54 57 60 57 54 56 58 71 68 73 77 66 82 81 80 85 77 63 60 58 56 60 55 51 46 43 45 40 40 30 27 27 29 30 32 37 40 41 43 47 52 55 58 62 64 67 68 73 78 88 86 85 90 91 91 97 99 103 107 108 122 120 123 128 129
107 110 111 106 107 109 116 119 141 135 134 134 126 123 118 90 89 85 82 80 79 83 73 71 65 64 62 60 62 50 48 46 40 48 48 53 58 57 55 52 54 66 61 64 68 88 84 82 82 79 75 73 63 61 56 54 56 52 48 44 42 40 38 35 24 23 24 25 28 31 34 45 47 42 46 50 50 57 59 61 66 63 69 73 87 83 82 85 87 90 93 96 98 103 108 117 118 125 126 129
106 101 107 103 105 107 111 116 138 134 129 129 126 119 114 116 90 100 81 77 76 80 72 69 67 66 61 56 57 46 47 43 38 43 46 41 42 41 42 50 55 61 60 59 65 69 78 77 75 74 73 68 62 57 56 51 54 52 51 45 45 41 35 31 23 21 2 13 14 19 20 27 30 39 41 46 49 54 55 56 61 62 66 71 68 81 79 84 81 85 87 97 100 105 109 113 114 116 124 129
103 96 98 102 105 110 87 133 130 129 127 125 121 115 109 107 100 95 79 75 74 71 67 68 62 60 59 55 57 45 41 40 33 29 33 36 39 40 41 45 49 53 56 56 62 64 81 79 74 72 69 64 59 54 52 48 55 54 53 32 42 38 34 30 22 18 1 9 12 14 18 23 26 38 41 44 45 49 57 61 56 60 61 66 67 72 74 79 80 84 91 104 102 106 111 116 116 119 123 124
98 93 95 100 102 90 86 140 137 136 132 120 116 112 108 103 94 93 77 74 69 67 66 63 58 55 54 52 55 43 40 35 30 27 28 31 36 39 40 48 47 55 53 55 58 61 62 82 69 64 60 59 56 53 50 47 50 53 36 31 38 36 32 27 24 19 21 13 15 18 23 24 28 35 38 48 48 49 51 53 55 56 61 62 65 69 72 73 81 85 94 110 106 111 112 113 120 124 128 127
90 89 90 86 82 85 84 71 78 138 134 89 85 115 105 101 93 92 93 76 71 68 66 65 61 56 52 51 41 39 40 36 31 26 28 31 38 43 45 46 42 47 49 54 57 59 67 72 73 68 65 62 57 48 46 45 46 51 27 26 36 35 39 32 29 21 22 24 16 17 26 25 26 31 33 34 36 41 44 48 52 55 56 63 70 72 75 76 81 90 90 115 107 112 113 116 117 118 130 133
90 87 87 81 80 82 80 69 73 73 85 84 82 86 101 96 91 90 83 84 85 75 70 56 54 52 47 46 40 38 34 38 29 25 30 30 34 38 43 43 39 43 45 50 54 55 69 74 75 72 69 65 62 51 46 41 43 32 29 22 38 33 37 42 31 23 25 28 19 22 31 30 31 35 40 44 45 47 50 54 54 60 65 69 63 67 76 80 79 94 89 90 96 113 114 119 120 124 131 137
90 86 85 78 77 77 79 66 65 69 82 81 79 80 95 90 88 85 79 80 82 71 67 55 51 46 44 42 42 37 32 37 27 23 27 29 34 38 40 43 38 40 48 49 56 57 74 76 73 75 73 66 44 40 39 37 33 29 25 21 26 30 32 36 39 44 46 47 21 25 29 33 35 35 45 47 52 50 53 55 56 58 55 59 60 62 66 79 75 82 86 90 94 98 116 120 121 126 115 118
94 83 80 76 76 73 77 65 64 68 87 82 78 80 70 88 83 82 76 78 80 66 63 49 48 47 45 41 37 36 31 25 25 22 26 32 26 40 42 37 34 38 49 50 61 65 75 74 69 68 66 63 42 40 36 32 29 25 22 18 21 25 28 30 35 38 40 50 24 26 39 36 33 32 36 36 40 53 48 49 60 61 52 51 65 70 66 68 74 79 84 88 91 94 100 101 125 113 112 114
79 77 75 73 71 71 65 63 60 62 58 76 73 73 68 66 67 78 74 79 69 64 60 55 52 50 41 36 33 30 28 23 21 17 19 25 25 30 30 32 33 37 39 42 47 52 75 71 68 63 61 60 56 47 42 37 33 7 4 0 10 14 33 31 33 37 40 36 38 41 44 36 32 28 33 35 39 43 47 49 62 52 47 49 51 66 63 67 71 76 79 84 89 90 96 97 102 108 110 112
91 87 76 68 67 66 64 61 58 58 54 71 69 68 63 62 62 65 71 74 78 66 61 58 57 59 42 38 33 31 20 18 17 0 14 22 23 26 28 30 31 35 36 39 42 53 76 74 73 63 62 57 52 50 46 42 14 9 8 1 12 16 18 23 25 28 30 33 34 36 40 35 30 26 28 33 36 38 41 38 41 38 44 48 49 53 62 65 66 80 83 85 87 88 91 95 100 103 104 107
89 83 82 75 65 64 63 59 55 57 53 66 65 63 59 58 59 62 66 69 69 70 65 63 49 44 40 39 38 31 26 24 15 14 17 20 25 31 33 34 36 36 41 44 48 52 53 76 74 69 65 59 55 55 50 20 17 11 11 6 17 20 19 23 25 31 34 36 39 41 30 34 29 25 29 38 42 47 34 34 37 37 41 43 50 52 57 62 65 84 86 87 91 95 95 98 97 102 107 107
87 82 79 74 71 66 62 58 54 55 51 53 47 44 37 55 54 58 62 64 67 72 56 53 47 43 39 36 41 28 25 23 20 18 23 24 25 30 31 34 40 44 46 47 50 52 57 78 69 67 65 62 64 60 55 26 21 15 11 9 22 21 21 24 26 35 42 40 37 34 29 26 25 24 22 24 28 24 29 32 35 36 40 45 52 53 56 63 64 86 89 92 93 96 101 98 93 95 98 103
90 83 84 76 71 68 65 55 53 51 47 41 46 41 36 38 49 50 53 56 62 59 55 52 43 40 36 35 34 33 30 25 21 21 27 29 30 35 32 37 38 39 43 45 49 50 53 55 71 68 69 67 67 32 31 28 26 20 12 10 14 17 25 26 30 33 46 45 38 36 32 28 24 23 19 21 23 23 25 25 38 39 41 55 54 58 61 64 69 73 72 77 78 60 64 94 91 90 96 99
93 73 68 66 70 58 57 49 50 47 44 39 44 36 35 37 48 51 52 53 60 55 52 47 42 41 39 38 37 35 33 29 25 26 30 31 34 36 34 41 40 43 45 48 50 54 57 57 75 71 75 72 37 36 34 31 31 24 17 14 16 21 26 29 34 38 39 30 30 29 25 24 20 18 17 22 25 19 21 22 24 29 55 50 55 59 55 63 65 68 70 72 73 59 63 89 88 89 91 95
96 63 61 63 59 54 52 48 46 43 41 34 35 40 34 40 43 47 50 53 65 60 54 52 47 46 41 45 40 34 32 31 36 42 35 33 36 43 39 45 43 48 49 52 52 55 59 62 64 75 76 74 75 41 35 34 33 18 17 16 17 22 27 31 36 39 42 29 28 27 24 26 24 14 12 14 11 15 16 20 38 41 42 46 52 52 54 58 61 66 69 74 60 57 62 90 85 82 83 91
67 64 60 59 54 50 48 48 44 42 37 33 34 36 33 35 38 42 45 46 48 57 58 54 49 47 42 46 45 42 37 34 37 40 44 36 39 44 42 47 47 50 54 56 60 58 60 66 67 69 80 75 49 44 39 38 36 21 19 24 20 33 31 32 38 42 35 32 31 26 22 20 15 13 11 7 10 12 16 21 35 37 40 44 48 50 53 59 60 62 64 49 56 55 58 76 82 78 81 86
72 65 64 55 52 47 43 40 45 41 39 32 37 32 30 34 39 38 40 42 47 53 54 57 51 48 47 51 46 43 38 37 38 45 49 52 57 48 50 48 50 52 57 57 65 62 73 70 71 75 84 54 53 42 41 40 41 24 23 28 24 36 33 34 39 47 46 37 33 28 18 16 14 11 10 6 7 10 13 27 32 35 42 46 50 53 54 55 59 64 39 45 45 51 78 72 74 74 76 81
59 58 59 60 53 46 42 38 38 36 36 31 29 31 26 31 32 34 38 42 44 50 52 62 52 49 49 54 48 65 57 55 50 47 49 52 56 53 58 59 52 53 56 59 60 67 70 72 74 79 81 62 57 47 42 44 99 97 24 33 28 42 37 42 44 49 44 40 37 30 30 18 15 12 6 5 9 15 20 26 30 33 38 42 48 51 51 52 59 63 37 40 42 47 73 71 69 72 73 78
58 57 56 53 48 44 41 37 35 33 31 26 26 13 21 25 28 33 34 39 42 46 60 62 68 54 50 54 61 60 55 54 53 51 50 53 57 56 57 61 54 54 57 64 64 70 74 89 78 84 85 63 62 108 51 46 97 93 94 32 30 31 38 43 64 64 55 43 42 46 25 23 20 13 17 1 12 13 18 21 24 25 40 43 46 49 50 51 55 58 33 40 42 43 49 65 64 64 66 71
59 57 55 53 50 49 44 41 38 35 29 24 21 1 18 23 24 28 29 40 54 57 55 61 65 67 55 57 64 61 57 57 56 56 54 54 56 59 64 65 68 72 75 66 75 74 77 88 93 89 112 108 105 103 100 97 93 91 88 38 33 34 67 65 62 61 50 47 42 41 41 41 33 40 10 5 16 18 22 26 29 44 43 46 49 50 54 52 56 34 32 36 37 39 44 50 59 60 62 67
96 89 59 55 53 53 45 44 39 32 31 27 23 18 19 28 25 31 35 38 52 53 54 59 64 67 59 61 67 63 58 58 58 61 56 59 61 60 62 85 70 74 93 96 81 78 81 86 88 111 107 104 105 101 96 94 91 89 84 79 79 81 83 68 63 60 61 38 43 39 37 36 31 35 22 21 16 12 14 19 33 35 48 53 54 51 55 59 39 35 30 34 38 40 53 49 54 52 59 60
91 88 84 78 84 81 77 81 43 39 35 31 32 21 20 33 34 35 38 46 47 48 58 63 69 61 60 64 66 63 61 61 59 63 65 68 71 75 78 82 87 88 92 97 85 80 84 87 89 107 102 101 106 106 98 97 85 83 80 78 75 80 82 87 59 57 52 34 33 44 35 30 28 31 21 19 12 11 13 15 38 39 40 44 47 56 60 37 35 31 28 29 31 40 46 44 49 51 56 56
91 86 81 77 73 78 73 77 45 41 39 34 33 37 42 37 38 39 42 43 46 48 59 61 62 70 65 69 71 73 71 66 61 63 70 73 76 77 81 86 90 91 95 97 89 81 89 88 107 104 99 97 101 92 96 84 87 82 81 78 74 71 73 54 53 52 51 33 30 31 29 25 26 23 17 15 7 1 8 9 15 17 24 26 52 52 44 41 30 28 27 27 29 35 45 40 45 47 54 53
77 75 73 72 70 69 68 66 62 42 43 46 48 51 45 42 45 50 54 44 50 53 63 65 67 71 66 70 71 72 74 71 62 65 72 76 81 86 84 88 92 94 96 99 90 83 109 106 104 102 97 96 96 91 82 81 79 81 84 73 69 66 59 54 51 52 49 43 29 28 27 22 21 18 15 12 16 2 4 8 13 16 19 23 51 50 40 38 30 31 26 24 29 32 31 39 41 43 42 48
79 76 72 71 67 66 64 63 61 59 44 48 49 53 46 44 46 54 55 49 54 58 63 69 73 77 70 73 77 67 65 64 63 67 68 79 86 91 95 92 96 95 99 103 105 106 107 109 107 106 96 94 89 86 82 79 78 77 73 68 66 61 59 54 50 49 47 42 37 26 25 24 23 21 12 1 21 4 9 18 21 26 29 32 49 47 33 34 29 26 24 22 24 31 29 34 38 39 41 43
81 80 76 75 72 71 67 65 62 57 56 52 53 52 50 52 58 55 56 70 74 63 66 69 73 79 76 75 79 69 67 66 67 72 84 81 82 95 95 93 95 96 100 101 108 111 112 117 109 111 100 98 92 89 87 82 81 78 96 71 69 64 57 55 52 54 43 39 36 32 29 28 27 22 25 13 18 9 12 16 21 24 29 33 47 43 30 29 25 26 20 18 20 20 24 26 40 41 45 45
89 87 82 78 77 74 70 67 63 61 59 53 55 57 53 57 64 60 63 68 70 72 76 79 84 96 98 77 73 70 70 70 70 73 89 83 88 90 97 96 101 104 101 103 105 115 115 120 131 106 104 102 95 90 89 94 98 97 92 88 84 80 77 56 54 49 44 43 39 34 33 32 28 26 27 18 22 14 15 16 21 26 33 36 41 38 31 26 23 21 21 16 19 18 20 23 26 33 47 48
88 85 82 81 82 77 74 69 67 64 63 67 56 61 58 71 66 65 70 71 74 86 87 88 90 92 93 97 101 73 74 71 76 77 89 86 91 93 100 98 102 106 103 107 112 117 118 129 128 111 108 102 100 96 91 92 99 97 94 88 83 79 75 60 57 53 47 48 41 42 37 36 33 27 28 23 25 18 17 18 20 24 34 38 34 33 29 29 21 19 20 15 13 15 15 25 26 31 32 37
88 87 87 86 81 80 78 74 71 72 77 71 85 83 78 73 69 70 73 75 78 81 85 88 92 96 101 100 103 77 75 74 77 79 93 91 96 101 103 101 104 110 107 109 114 121 131 128 124 118 103 102 101 98 96 100 97 92 87 82 80 75 70 67 57 55 57 52 45 43 42 40 37 40 44 45 27 19 22 23 24 29 30 39 36 32 26 25 20 16 17 14 12 10 14 19 19 23 28 33
91 88 93 88 86 81 81 79 73 73 74 75 88 84 80 78 76 71 75 77 80 85 87 90 95 100 104 109 106 110 82 77 80 82 98 92 99 102 106 107 119 115 111 110 115 116 117 121 119 116 113 110 105 100 103 105 97 93 84 82 75 72 67 65 61 56 59 57 50 48 43 43 38 41 46 51 52 23 27 27 30 31 46 36 33 30 26 22 17 15 14 10 9 7 10 12 16 19 23 28
95 100 95 90 87 88 87 84 85 76 77 78 91 88 85 81 76 75 78 80 85 88 88 90 93 103 108 112 116 119 90 86 82 87 103 97 102 104 108 113 115 120 114 113 116 118 128 127 123 121 113 109 106 109 106 97 93 90 85 81 80 77 72 66 66 57 64 51 47 45 44 41 39 43 44 49 53 57 34 31 35 48 44 40 35 34 25 24 23 18 17 14 21 1 7 9 13 22 29 32
106 104 97 95 91 92 89 89 80 78 79 81 90 92 87 80 77 80 83 82 86 88 90 94 97 104 113 117 117 130 91 90 84 88 90 95 116 113 109 113 120 119 116 114 118 136 131 130 129 117 115 113 110 105 101 98 97 92 90 85 82 79 74 75 70 71 66 67 62 57 46 44 40 44 48 50 51 56 58 36 38 47 46 45 42 33 28 23 21 19 19 15 26 3 12 12 14 18 27 32
113 108 101 100 103 94 93 90 85 80 80 83 85 86 91 87 84 82 88 83 88 91 92 97 98 99 124 119 123 128 132 95 98 93 98 100 117 114 111 114 117 123 120 116 122 133 131 126 125 122 120 117 112 106 100 99 98 96 92 89 82 80 75 80 83 80 69 65 60 56 52 48 45 48 53 55 53 58 59 39 40 54 51 41 37 32 31 30 27 23 24 19 27 26 21 16 19 22 25 29
111 110 115 102 104 102 97 87 86 81 84 84 90 98 95 91 88 85 92 87 93 95 96 102 102 129 124 121 128 132 134 100 99 97 103 101 118 119 112 118 120 121 125 139 136 132 131 130 130 126 122 121 114 111 108 104 99 100 104 82 80 78 77 81 78 77 74 70 65 57 54 53 48 50 57 61 62 61 64 42 43 57 52 53 37 35 32 33 30 26 31 32 28 25 23 21 20 24 27 28
53 1
746
741
736
734
732
729
727
724
732
1502
1501
1505
1510
2506
2505
2486
2488
2321
2316
2312
2308
2289
925
908
480
491
496
501
503
507
508
63
62
61
56
47
1286
1299
1303
3848
3830
1443
1448
1451
1455
1456
1458
1459
1461
1464
1469
1471
1474
5 5
1 2 3 4 5
2 9 3 9 6
3 3 0 8 7
4 9 8 9 8
5 6 7 8 9
2 1
1247
1242
13 2
411 417
431 434
4406 4410
4404 4409
4394 4396
4412 4414
2049 4418
2031 2036
2034 2036
2035 2039
4131 4132
4124 4135
1931 1934
2 6
4532 4052 1096 4102 4119 3382
153 3792 1077 1798 4649 2082
5 36
907 899 913 4776 4020 4016 4007 4023 3007 3005 3003 2999 3003 3007 3011 3012 47 49 52 56 4764 4762 4758 4759 4760 4737 1218 1217 1214 1209 1211 1209 1213 947 946 926
913 912 4778 4773 4778 4017 4023 4026 4029 3009 3004 3019 3008 15 41 41 43 46 51 54 59 4756 4754 4759 4733 4733 1220 1215 1211 1205 1201 1205 1208 1212 969 943
3647 3643 3638 4785 4995 4018 1469 1471 1479 3012 41 3020 36 13 38 39 41 49 48 4760 4757 4753 4751 4754 4730 4732 4737 1210 1209 1204 1199 1201 1193 965 959 970
3650 3643 3635 3648 4994 4997 1468 1459 1478 1479 38 34 32 12 33 36 39 45 45 4755 4754 4750 4746 4725 4726 4728 4743 1208 1205 1200 1197 1188 1191 1192 965 971
3652 3648 3643 4999 4991 5002 1479 1477 1479 1483 32 30 28 9 29 33 35 40 44 46 4747 4743 4742 4722 4732 4736 4739 4741 1203 1201 1200 1197 1194 1196 966 976
16 1
651
643
2682
2694
2698
3230
3226
3225
3236
519
507
3366
3764
3760
4571
803
23 1
4424
4427
238
236
216
1408
1140
1153
4326
3938
2486
2498
2499
3537
3531
903
416
1430
1417
1427
4550
4542
2338
10 8
4679 4691 2411 2412 2415 3893 3890 3883
4685 2407 2402 2412 2417 2419 3895 3884
3539 3535 2409 2416 2421 2425 3890 3887
3532 3530 3533 2418 2420 2424 2427 3891
3529 3525 3530 2421 2422 2427 2431 3893
3521 3508 3522 3523 3641 3646 3648 3655
3640 3511 3630 3634 3637 3641 3646 3651
3636 3633 3629 3632 3635 3637 3642 3643
3641 3628 3627 3632 3636 3642 3647 3652
3631 3630 3646 3649 3639 3655 3651 3653
1 14
226 222 294 305 2748 2024 544 936 955 3670 3663 2617 4027 2635
20 1
3937
1235
2757
22
702
3205
3195
1884
3912
2487
1264
536
1736
1739
2018
2029
63
59
699
3594
1 25
4739 4724 201 213 294 2950 4015 3642 3644 4407 4404 4400 4396 4402 1380 1370 203 223 2528 2511 2517 2873 2860 492 249
2 6
368 370 436 435 445 1916
364 377 445 443 523 1906
3 29
248 3494 3477 468 459 473 1089 1088 4310 4328 4083 4088 4093 780 781 4081 4064 4068 3510 4695 986 976 993 995 186 171 2243 2240 2220
241 2009 1989 1121 460 1089 1087 1084 1088 4079 4071 4088 784 775 785 4083 4082 3513 3505 3514 295 290 310 3062 185 168 4254 4258 2229
3354 3371 1995 1122 1126 1093 3579 3576 3596 4084 4082 4083 793 788 790 4084 2622 2619 3519 3518 3520 297 3059 3055 165 166 4249 4246 4252
1 67
4735 4732 4727 1017 1025 2609 2595 2605 2609 1637 1625 1634 1638 1643 1646 1650 1217 1216 1211 1210 1206 4039 4024 4038 67 54 72 73 77 80 82 85 86 87 89 644 643 639 636 632 627 622 621 618 604 621 625 627 629 630 635 640 641 644 1071 1066 1061 1053 2918 2916 2935 4601 4043 4044 4048 4053 4058
100 100
108 106 104 103 106 110 115 75 71 69 67 63 59 58 53 48 45 44 43 42 38 35 33 29 26 18 13 22 24 28 29 31 35 44 46 47 52 57 58 62 64 65 97 92 87 85 83 46 41 37 40 36 35 34 31 28 24 21 16 16 9 14 20 17 24 28 29 31 40 39 44 48 51 48 50 53 49 46 50 49 51 54 57 63 71 68 66 62 58 56 51 56 54 49 44 43 42 45 49 54
111 108 104 102 106 109 92 81 80 75 70 65 61 57 55 50 46 54 51 46 42 40 27 25 22 16 12 17 22 24 32 36 38 42 46 48 52 61 65 70 66 95 100 86 84 81 78 44 39 35 33 32 30 29 28 24 20 15 13 11 7 11 16 15 19 23 31 34 36 38 46 51 54 47 49 48 45 41 45 46 50 52 56 60 62 69 55 53 51 51 49 52 51 46 47 36 38 42 46 51
110 105 102 99 96 97 90 91 90 69 67 65 62 63 58 52 50 56 52 34 29 25 22 21 18 13 11 16 16 18 23 26 27 47 52 56 58 59 62 67 69 91 89 85 80 76 76 77 61 59 52 47 34 33 32 23 22 18 17 20 3 5 9 10 15 16 29 38 43 37 45 50 49 46 47 44 42 38 43 45 47 52 56 61 61 66 64 52 50 47 45 45 45 41 41 35 34 38 43 46
106 103 102 97 95 92 89 88 86 69 66 64 61 58 48 44 43 31 29 28 27 26 24 23 20 18 0 8 13 15 16 31 32 35 40 43 54 55 60 63 92 87 86 81 79 75 71 65 60 56 51 45 49 34 33 27 26 15 12 0 1 4 8 10 11 26 27 33 35 33 40 45 42 44 34 30 37 34 37 43 44 48 50 56 57 62 61 56 53 46 42 40 40 39 36 32 33 36 40 43
109 107 107 94 93 89 88 83 83 67 65 60 57 54 43 41 39 35 33 31 28 30 26 27 21 20 12 11 14 19 20 24 28 39 41 45 50 55 64 65 69 91 88 77 73 73 68 51 50 52 48 44 42 35 38 34 29 18 3 2 2 4 6 10 13 21 23 28 31 32 36 38 38 41 46 29 33 32 34 38 42 39 42 54 53 56 64 60 58 41 37 36 39 34 33 29 30 34 37 41
112 114 111 100 98 88 83 82 78 73 69 57 53 52 50 47 43 38 35 32 35 31 27 30 24 26 21 16 15 24 22 25 29 34 39 42 55 57 61 66 70 83 80 75 70 71 66 66 49 48 46 42 37 34 31 28 23 19 16 11 6 6 8 12 16 17 21 25 27 33 40 36 34 29 29 24 23 27 31 27 39 34 38 52 50 55 59 62 41 39 35 33 36 38 33 28 27 25 28 33
117 114 109 105 100 94 88 86 80 78 74 60 56 56 55 52 48 42 37 33 39 35 29 35 40 25 23 17 21 23 24 27 28 39 40 44 58 62 74 76 76 78 74 70 69 65 63 62 59 55 49 51 41 37 32 29 28 24 17 15 11 14 24 14 20 22 25 29 32 35 40 32 31 28 24 22 21 23 18 24 26 31 35 51 48 53 54 58 41 34 33 31 27 27 27 24 23 24 26 29
109 104 103 100 97 92 90 88 86 83 75 61 59 69 56 54 53 54 53 48 44 40 34 40 35 30 26 22 25 30 30 28 30 42 47 52 61 65 69 70 73 75 71 66 64 58 61 58 55 50 48 47 45 41 42 30 26 24 23 19 14 18 19 28 33 34 27 33 35 37 44 33 31 27 23 21 18 16 14 19 23 26 29 30 44 45 50 54 39 34 31 27 26 26 22 20 18 21 26 26
109 106 102 101 96 95 92 89 90 86 88 66 73 68 65 60 56 58 51 49 46 41 39 40 37 35 30 23 27 36 34 33 38 41 46 50 51 52 55 60 65 80 68 63 61 56 59 55 50 45 47 42 44 48 24 34 32 28 27 23 15 23 24 26 27 31 34 36 38 42 44 45 32 24 21 18 16 14 9 11 28 30 38 40 40 42 50 52 57 24 32 25 24 23 21 20 17 22 23 25
123 119 115 112 98 97 96 98 94 89 83 78 75 72 67 64 58 62 57 53 48 46 41 44 39 40 31 35 40 37 35 37 42 45 51 53 54 53 58 60 61 64 67 65 57 52 55 50 45 44 40 39 43 27 23 34 39 40 43 27 32 28 27 28 29 34 37 41 45 43 46 30 29 28 26 22 15 11 8 12 23 35 33 36 37 38 47 54 25 22 18 18 16 11 7 0 14 16 21 28
129 124 110 108 107 104 101 106 95 94 88 83 80 77 72 67 63 65 57 54 53 48 44 49 40 42 35 36 40 41 39 44 47 48 55 57 66 64 61 64 59 56 52 54 53 48 46 41 48 43 38 34 39 25 22 30 38 39 40 39 36 30 28 30 34 36 41 54 49 45 49 47 34 41 28 12 11 11 7 14 19 29 32 37 38 40 45 49 22 17 15 14 9 6 5 2 17 19 16 20
109 126 115 111 108 105 106 108 99 98 90 88 83 82 75 68 65 65 64 60 55 49 49 53 48 37 36 41 43 46 42 45 52 51 60 110 68 69 64 61 56 54 51 50 49 45 43 38 37 34 33 30 30 24 21 25 33 35 38 39 37 33 35 37 44 40 70 71 52 48 47 44 42 37 34 12 9 6 5 9 13 27 31 35 36 38 43 44 30 27 23 20 14 10 4 3 8 9 14 16
106 106 120 116 105 98 111 110 102 82 79 81 81 79 77 73 67 66 68 65 57 54 52 53 45 42 38 41 48 45 43 50 53 111 106 105 106 102 69 65 61 58 54 55 51 50 48 40 40 35 28 27 25 30 18 34 29 33 35 42 46 38 36 38 43 48 65 67 69 73 41 40 38 35 30 28 8 4 2 4 20 24 26 31 32 35 36 31 26 25 21 16 13 9 7 4 8 10 22 22
104 103 100 100 100 94 92 86 87 81 77 79 86 82 78 81 76 73 72 68 60 60 55 56 46 46 40 44 47 52 48 53 55 112 105 103 100 97 93 68 90 87 73 69 53 52 56 51 45 45 39 25 24 22 17 20 26 28 34 38 39 44 41 39 45 59 61 64 73 47 46 45 41 32 28 27 26 18 0 18 19 22 26 35 37 39 42 42 30 27 23 19 18 17 12 5 11 16 17 18
101 99 97 96 96 90 89 85 82 77 74 78 85 80 76 87 83 81 77 72 59 57 56 57 50 53 55 45 52 56 52 55 111 110 106 101 97 94 92 87 86 83 72 67 65 54 53 49 44 42 36 35 19 18 16 19 23 28 30 34 37 45 42 42 50 55 56 68 71 55 52 47 43 34 31 26 22 21 18 20 25 26 29 37 39 50 45 41 35 31 26 23 20 15 14 7 14 19 21 22
96 94 93 91 92 87 85 82 77 75 72 66 81 78 74 89 88 86 63 62 60 58 60 57 54 58 59 47 83 58 56 57 117 113 107 106 96 91 90 86 84 82 77 66 64 59 54 46 43 38 35 30 18 16 11 14 27 31 34 39 40 45 39 49 47 49 58 63 64 53 48 44 41 40 35 30 25 25 20 24 29 27 30 34 44 48 50 40 36 34 30 26 22 20 19 8 19 24 24 24
101 102 93 90 87 84 82 78 77 75 67 61 64 77 73 72 73 70 68 63 62 66 65 61 57 58 63 78 82 86 87 59 106 105 100 98 96 95 94 89 85 78 76 72 67 58 53 50 46 31 29 26 17 15 9 12 17 19 21 27 41 43 36 40 43 45 53 58 61 57 52 48 43 42 37 35 30 33 22 29 34 32 32 37 41 42 49 45 41 35 39 30 27 24 24 12 30 29 31 29
99 98 95 91 90 81 77 73 72 70 65 60 59 60 71 67 72 64 63 68 67 70 67 60 59 62 63 75 77 79 84 115 110 107 104 99 101 98 101 92 89 82 77 76 39 38 36 34 32 31 26 21 16 14 0 3 8 20 21 23 30 30 34 35 41 43 48 53 57 62 58 50 47 43 40 38 33 34 27 30 32 37 34 40 46 49 52 49 50 38 35 31 29 30 25 16 34 33 32 34
90 99 87 96 82 75 80 75 73 71 67 62 57 61 64 62 55 57 59 60 69 75 68 64 63 63 68 70 73 80 87 112 110 106 105 106 105 101 102 92 91 93 82 46 44 39 37 36 36 34 27 26 20 15 1 6 15 17 22 23 27 28 33 34 38 42 51 53 61 59 57 48 45 44 43 40 34 36 30 34 37 38 35 37 50 51 53 52 56 40 38 35 33 36 39 44 39 35 37 42
88 85 83 87 77 74 70 72 68 61 57 56 55 59 59 58 53 56 57 58 69 73 70 66 67 66 69 74 75 75 80 61 56 54 50 49 48 43 101 97 96 98 102 49 45 47 45 42 39 34 30 26 23 24 6 7 12 14 19 20 23 26 31 36 37 43 52 57 59 59 55 53 48 45 45 41 35 37 35 35 38 42 36 41 42 46 47 54 46 44 41 46 34 37 38 44 40 39 39 41
83 82 80 81 72 69 66 71 64 59 54 55 50 52 47 48 50 52 60 65 67 71 58 50 55 68 74 70 77 72 74 60 55 54 47 51 46 42 47 50 49 53 62 54 53 50 48 45 40 36 32 30 27 12 11 10 16 17 24 23 28 31 33 36 41 42 46 60 67 62 60 54 51 46 44 43 44 45 38 46 41 44 40 44 43 51 52 57 62 47 46 47 44 39 40 44 43 42 42 46
86 80 77 76 68 64 63 65 58 61 52 47 45 44 44 47 49 53 51 52 57 58 53 49 50 51 72 68 72 71 75 56 54 52 43 38 33 38 39 50 44 49 60 53 50 49 50 49 44 46 35 35 18 13 12 13 17 20 26 25 32 37 37 38 46 53 56 61 68 67 64 66 62 55 52 48 45 50 49 45 44 46 41 46 48 49 64 60 63 55 51 47 45 43 50 49 45 47 46 49
78 76 73 72 69 65 60 56 56 59 62 45 44 41 40 46 53 39 46 42 56 55 57 47 48 50 65 63 68 70 64 53 51 49 41 35 32 35 46 45 41 62 58 50 49 47 42 37 47 29 26 22 24 15 15 32 37 22 27 26 37 41 40 41 43 48 51 59 71 69 67 62 58 54 53 51 46 51 53 49 45 45 42 44 52 57 62 65 70 59 54 51 50 55 54 53 47 61 57 52
75 71 69 68 65 60 55 51 52 55 50 45 40 37 39 44 45 37 41 39 41 53 45 45 47 48 61 60 65 67 59 63 48 45 37 34 31 34 43 41 38 58 53 50 45 46 49 35 33 21 20 19 21 25 31 29 37 32 30 30 47 46 45 47 49 52 57 58 78 73 77 64 60 57 55 53 50 52 57 50 46 50 45 47 56 62 67 67 64 59 57 62 51 60 58 56 59 66 57 55
78 74 72 71 67 64 51 46 50 46 45 41 37 33 37 42 37 32 36 37 38 48 44 42 43 46 51 57 58 59 56 44 43 40 41 31 30 27 41 38 35 42 48 43 40 43 48 33 32 27 22 18 21 23 27 28 33 34 33 55 52 48 49 50 60 54 59 60 78 75 69 67 66 61 62 65 54 56 58 61 65 50 48 61 63 67 72 71 66 61 60 63 64 61 59 58 59 63 59 56
83 87 82 73 57 52 47 43 38 41 41 39 36 32 35 37 28 27 33 28 31 50 47 41 47 45 48 52 52 58 52 50 42 36 40 30 27 24 27 37 33 37 43 41 38 42 44 37 20 19 18 15 17 21 24 29 34 36 34 59 54 59 54 57 59 60 62 66 82 79 84 71 69 65 64 28 57 59 63 63 60 64 59 57 62 63 68 71 69 66 71 73 77 64 63 63 61 62 60 59
80 76 79 83 60 56 45 41 37 37 37 32 29 28 32 20 23 22 30 26 28 31 43 38 43 41 43 44 48 54 49 46 37 32 30 29 26 21 25 28 32 40 39 40 36 29 33 34 11 7 16 13 15 16 18 21 22 25 26 59 56 61 58 58 74 78 83 65 68 84 41 36 30 27 31 25 26 63 65 59 56 57 56 55 57 63 66 68 74 68 73 75 76 73 68 72 63 69 65 62
75 72 76 78 63 60 55 40 36 35 33 29 26 24 28 19 22 21 23 22 23 27 32 33 36 40 46 48 51 49 44 44 42 30 29 28 22 20 25 30 28 38 36 35 32 28 30 34 8 5 14 9 13 15 16 19 21 24 26 31 61 62 67 70 72 77 64 62 63 44 40 31 28 24 27 23 25 44 43 56 51 56 61 51 56 59 60 65 69 71 76 76 78 77 70 75 74 72 67 64
70 69 73 76 60 56 51 48 40 37 32 29 24 21 20 14 19 19 18 19 21 26 29 32 35 38 41 43 48 46 41 40 38 34 31 27 19 17 19 27 24 25 31 33 31 27 23 24 13 4 2 1 5 18 20 24 29 30 35 34 63 63 70 75 74 78 56 57 60 65 36 32 28 23 26 21 23 43 39 48 46 49 44 48 52 56 61 68 71 74 76 79 83 81 83 86 78 73 68 69
68 67 72 59 55 53 47 44 39 38 35 26 22 20 17 13 15 14 15 16 20 24 39 41 41 42 47 45 49 48 46 33 31 26 23 22 17 14 14 8 20 23 27 32 27 23 22 15 11 6 4 6 10 15 23 28 30 31 37 84 81 77 73 75 52 51 53 55 57 33 32 28 23 18 14 18 35 39 36 34 41 42 43 46 48 51 54 60 66 67 72 75 84 85 85 83 81 79 74 72
68 62 61 55 53 48 45 42 37 35 28 25 21 16 12 9 14 12 16 27 32 33 35 38 39 40 42 47 36 35 31 29 28 25 22 17 12 11 9 5 1 18 34 36 32 20 19 18 15 11 8 12 17 21 23 29 28 31 35 36 86 80 76 53 51 48 50 52 57 32 27 24 21 17 13 15 31 27 35 32 37 40 45 47 50 56 53 59 62 66 70 103 112 114 88 86 84 81 77 77
65 61 59 57 58 44 43 41 33 30 27 22 18 13 9 6 7 9 12 26 31 33 36 42 44 46 50 49 43 40 34 32 33 29 25 21 17 30 25 24 19 24 29 30 33 22 24 22 19 14 9 16 17 24 27 29 23 27 31 34 35 51 47 42 43 46 52 55 58 29 26 21 16 15 11 15 30 26 31 30 32 37 41 42 44 47 50 54 59 68 107 101 107 109 111 91 87 84 78 81
60 59 58 54 49 44 42 37 32 28 25 21 15 12 7 5 19 22 22 24 26 27 32 44 49 51 54 46 43 44 38 41 37 32 31 26 22 35 31 26 22 24 29 31 37 35 33 28 24 17 25 21 24 27 32 14 18 20 21 22 33 42 42 40 38 43 47 31 33 32 30 23 16 15 10 11 18 21 26 28 29 34 38 41 45 48 51 59 64 104 102 98 102 104 109 111 87 86 74 76
57 55 54 52 47 44 42 41 29 24 20 18 14 11 6 3 14 18 21 23 24 26 30 34 44 47 49 41 40 39 37 36 32 31 29 27 26 36 31 27 23 25 26 31 34 33 30 28 27 28 25 23 29 34 14 11 13 16 19 27 30 38 35 37 34 31 29 27 29 26 20 17 16 11 7 19 15 19 21 26 28 35 41 46 50 52 54 71 72 102 101 96 98 99 100 104 108 68 69 74
77 57 56 53 49 38 33 28 27 26 23 19 15 12 11 1 12 13 16 17 27 32 31 36 39 42 47 44 41 41 39 38 33 35 34 32 29 38 34 30 28 30 33 37 49 37 31 30 28 32 26 25 26 31 13 9 17 17 19 24 27 37 34 33 32 28 25 24 21 21 23 15 13 8 5 1 12 17 18 27 28 33 44 50 52 57 64 67 68 89 89 94 96 97 100 70 73 65 68 73
76 62 60 53 53 37 36 35 32 27 28 23 19 17 16 8 16 18 17 18 32 36 32 33 37 40 55 56 44 45 42 41 42 37 59 34 34 50 43 38 33 31 36 44 45 38 35 33 29 30 27 30 29 15 9 7 12 17 18 25 26 29 36 37 34 29 24 19 17 19 22 20 16 13 9 9 14 18 19 23 33 34 39 46 47 50 63 65 68 87 85 89 91 95 99 67 70 64 65 67
72 60 57 52 48 37 34 33 31 28 29 28 21 25 17 10 17 18 23 27 37 40 36 34 38 43 53 53 58 48 46 43 71 55 54 50 49 46 41 38 35 34 39 40 43 43 38 35 38 41 40 35 12 11 9 6 9 12 17 20 23 26 31 39 35 33 25 10 0 10 13 18 21 15 23 21 17 19 22 32 32 37 36 41 45 48 62 63 67 86 84 89 91 100 69 64 68 60 63 68
67 59 55 47 45 42 42 46 34 29 27 24 22 25 24 20 18 20 25 27 31 33 34 39 42 45 48 51 53 52 47 69 68 64 59 54 52 48 44 39 36 37 41 45 49 45 43 40 41 47 45 36 16 12 7 3 6 8 22 25 27 28 47 44 41 38 43 17 13 15 20 22 26 31 26 23 21 23 24 29 31 32 34 39 41 43 57 59 66 82 79 83 54 60 64 62 67 59 63 67
62 54 51 45 44 40 37 42 45 32 52 50 25 29 26 25 19 20 27 28 35 35 39 41 46 47 49 52 53 58 52 53 70 68 60 55 52 50 47 43 38 38 41 47 50 52 46 45 43 45 48 26 25 20 16 1 5 10 11 14 15 31 49 48 43 41 45 19 15 17 25 23 24 30 29 28 31 26 27 33 32 37 37 39 52 52 55 58 61 64 74 55 52 57 58 59 57 57 61 66
57 53 49 44 46 38 36 40 52 50 49 45 49 31 31 27 23 23 31 36 37 38 39 40 42 49 53 56 59 61 55 78 75 70 75 58 54 53 52 55 47 39 57 52 55 60 67 71 47 48 38 35 30 22 23 19 21 15 20 19 33 36 51 51 44 27 24 22 17 18 29 27 28 31 36 32 32 36 31 33 36 39 38 51 48 49 51 56 61 68 69 53 51 52 53 54 55 56 58 69
55 50 48 43 46 35 33 27 29 35 39 43 46 51 56 32 28 24 36 38 41 42 41 43 48 53 54 59 61 64 56 84 79 75 80 60 55 50 53 51 46 40 60 56 59 63 66 67 69 73 43 36 32 25 23 22 27 20 24 27 31 36 55 35 34 29 26 27 19 36 32 28 31 41 37 36 41 45 35 36 37 40 43 49 45 47 48 49 67 63 65 52 50 52 57 62 67 59 60 64
50 47 44 42 38 37 28 25 28 33 35 40 45 46 51 54 33 26 38 40 46 51 52 47 51 56 57 60 65 66 67 82 80 76 60 56 51 49 47 45 44 39 40 57 60 68 67 68 71 72 75 37 33 30 27 24 28 21 27 32 32 34 35 36 36 33 30 34 33 32 31 30 32 43 39 39 44 55 49 45 39 38 47 45 44 49 43 47 52 60 60 63 45 47 52 45 46 64 64 65
54 49 43 40 35 32 27 20 25 29 30 35 40 44 48 51 56 43 39 43 49 54 55 52 53 57 60 61 71 67 72 87 82 81 47 48 46 45 44 41 39 36 38 40 41 57 58 77 72 77 36 34 33 32 30 26 31 35 31 35 35 36 39 42 47 45 42 38 37 35 36 35 36 60 59 56 53 51 44 41 38 34 41 48 43 37 42 46 50 55 56 61 41 45 45 44 45 54 56 56
53 52 46 33 31 28 23 19 21 26 28 29 33 52 56 56 58 46 42 44 45 58 57 53 57 60 68 70 73 68 70 68 53 51 46 43 45 47 43 38 34 34 31 35 39 55 54 55 73 59 55 60 36 35 33 33 32 34 33 37 39 46 42 46 50 48 41 40 42 38 41 72 70 65 60 53 51 49 45 37 35 33 38 41 41 35 41 40 45 59 53 33 38 42 40 43 48 49 52 55
45 44 41 36 34 33 19 17 18 23 33 41 43 48 51 54 59 64 72 46 46 59 70 65 61 63 65 69 78 73 70 65 63 45 43 42 41 44 39 32 29 33 29 33 34 52 49 53 57 58 54 58 59 38 41 37 35 38 39 53 50 47 46 58 53 55 46 45 47 52 46 78 75 70 55 52 47 45 41 37 35 32 33 41 37 33 36 39 44 47 51 28 33 37 39 41 45 48 53 57
46 48 45 18 17 13 8 1 16 17 21 37 38 44 48 58 58 61 71 77 80 76 70 69 65 69 70 84 83 80 73 61 60 58 46 41 36 34 34 32 27 32 24 28 30 51 46 51 54 55 53 55 60 65 69 39 39 43 47 52 55 48 51 62 54 58 48 46 52 53 82 79 77 74 40 54 50 39 37 28 27 29 10 15 26 30 31 39 42 44 46 26 29 31 42 43 45 49 53 54
50 22 18 17 15 10 6 2 18 22 30 35 39 42 47 53 57 59 68 73 77 71 71 74 67 70 71 79 79 75 63 60 59 53 38 35 33 32 29 28 22 24 20 25 29 30 42 47 50 51 50 52 53 57 65 64 42 47 48 53 54 53 54 67 56 59 52 56 53 52 48 44 42 39 38 36 38 34 32 28 24 27 7 10 23 29 34 34 38 42 34 22 27 31 34 39 42 43 38 40
54 22 19 18 14 13 10 6 22 24 29 34 36 40 43 48 53 56 64 67 66 67 69 74 72 72 79 78 76 73 62 57 56 52 44 42 41 36 27 25 20 18 16 21 23 40 41 42 47 45 46 47 50 55 60 61 66 51 50 55 56 61 63 59 58 58 57 59 61 60 53 46 41 40 37 32 31 27 24 21 20 18 6 20 22 24 29 30 34 36 29 19 22 28 31 37 39 42 35 36
38 34 25 21 19 14 28 27 25 20 21 39 38 45 47 52 53 55 60 63 65 70 74 78 76 73 75 73 75 70 57 56 55 51 47 46 45 28 23 20 17 0 15 20 25 36 36 40 42 40 45 46 54 58 63 63 58 61 64 58 59 66 64 62 59 64 60 68 56 55 55 51 53 47 31 30 27 25 23 18 17 16 0 16 18 22 26 27 32 29 24 18 21 24 27 36 37 38 32 34
35 33 29 26 23 18 31 29 23 18 18 23 23 28 51 57 61 66 70 65 67 69 72 75 78 76 72 70 67 65 62 58 57 55 32 30 29 28 27 21 20 6 20 25 28 31 34 35 36 39 41 44 45 50 51 55 56 58 60 63 75 79 84 65 68 67 68 67 54 53 51 50 49 44 43 31 30 27 37 23 20 21 16 1 7 27 33 31 35 23 20 16 20 22 27 32 33 35 31 33
40 35 30 35 33 35 26 21 16 1 15 19 20 25 29 62 62 71 72 69 73 75 73 78 82 77 73 73 68 68 62 59 62 53 52 49 46 34 32 27 24 27 22 25 26 29 32 33 36 38 42 47 49 54 55 58 57 62 65 70 71 72 87 84 71 74 69 65 64 54 49 48 46 43 42 39 38 36 32 28 24 23 20 18 20 25 29 34 40 22 19 14 18 22 20 37 35 30 28 31
53 42 37 33 32 31 29 26 19 18 16 20 22 27 68 63 64 67 77 70 75 77 80 83 85 79 76 70 69 72 68 63 58 54 49 45 42 37 34 32 33 31 26 26 30 30 32 37 39 41 46 47 51 59 65 61 63 71 66 69 73 85 82 81 73 70 65 62 59 55 51 49 51 48 43 44 38 36 33 32 25 27 24 20 24 39 34 39 25 24 10 9 12 13 15 16 22 25 27 30
49 44 41 38 35 36 30 27 25 23 20 25 24 26 73 64 67 68 78 75 76 80 81 84 86 99 94 92 90 68 64 62 59 55 53 49 47 38 38 42 41 36 38 27 31 33 40 38 43 47 49 53 63 68 68 64 68 73 69 74 78 87 80 79 75 70 66 63 60 56 54 51 56 58 53 47 46 37 35 36 41 32 29 25 30 35 37 26 21 20 19 0 8 10 13 14 19 24 26 29
51 45 46 41 38 40 36 31 26 28 25 30 25 27 39 42 46 70 81 80 81 81 86 89 91 101 94 89 88 83 82 79 74 71 60 57 54 53 52 48 46 40 41 44 33 38 45 43 45 49 54 59 62 64 70 78 81 83 73 78 81 83 86 81 77 73 73 69 65 55 54 52 53 51 48 46 45 44 40 38 39 37 32 26 33 38 41 43 31 26 21 11 10 15 18 22 24 27 31 32
56 46 43 42 39 36 32 31 27 31 27 28 29 33 34 37 41 48 89 87 83 84 87 88 96 95 92 90 89 86 87 84 74 69 64 63 58 54 53 53 51 44 42 46 37 39 44 44 50 53 55 61 63 67 68 73 74 96 75 81 86 87 87 86 78 77 77 72 70 73 57 54 55 54 53 49 47 48 43 40 41 37 32 27 34 43 46 32 30 25 23 19 15 20 19 23 27 28 30 32
68 51 47 43 44 44 36 34 28 29 29 32 37 42 36 41 44 47 49 91 85 88 90 94 103 99 95 92 94 83 79 74 72 70 71 68 63 59 58 54 52 49 44 49 53 61 62 48 60 58 59 63 65 71 72 84 92 91 100 103 105 110 89 87 82 79 81 76 75 66 61 58 60 57 57 54 53 50 47 46 42 40 31 30 34 49 48 17 35 30 28 23 21 22 29 29 30 30 31 33
66 65 49 52 47 42 38 36 33 33 36 35 38 39 54 44 49 54 51 94 89 92 97 97 108 100 96 90 87 84 80 75 75 71 72 69 65 69 62 86 56 51 46 50 55 57 61 63 68 63 65 66 67 74 79 83 87 90 95 99 101 105 108 85 84 91 86 83 80 68 66 63 63 58 61 58 54 53 51 47 43 42 36 34 38 20 17 15 10 9 8 6 16 20 25 26 31 32 43 47
64 60 59 54 49 45 43 35 34 37 40 39 43 46 50 52 51 74 77 82 92 95 98 99 112 105 105 100 90 85 81 76 82 78 75 73 68 74 79 81 54 52 47 54 57 61 63 64 69 68 73 75 85 77 82 84 87 91 96 102 105 108 109 110 89 93 88 88 84 73 68 64 63 62 74 62 55 56 50 53 49 41 39 35 22 21 17 16 12 8 4 0 14 19 30 34 35 36 41 42
59 57 54 52 47 44 41 39 35 42 41 41 45 47 53 63 67 69 73 77 96 100 102 104 108 113 99 96 94 90 85 81 93 92 77 75 80 84 82 83 59 54 50 53 57 66 64 75 72 70 75 77 81 85 84 86 90 93 98 101 106 113 111 94 90 96 82 81 79 75 70 66 75 70 69 68 54 53 48 46 45 43 41 40 23 18 15 11 10 5 3 1 19 24 25 26 28 39 46 47
64 60 56 51 50 49 44 42 39 40 45 46 46 51 57 59 64 65 68 72 77 80 103 109 110 115 113 110 109 108 106 104 93 89 85 80 83 86 86 88 62 58 51 58 63 69 66 79 75 71 79 81 85 93 88 87 93 97 99 102 104 113 115 117 91 93 88 86 81 80 71 85 83 71 66 65 61 57 49 48 48 45 44 44 26 22 17 12 11 7 5 2 21 28 27 29 33 35 45 49
68 63 58 54 53 54 45 44 43 44 49 49 48 49 53 54 56 68 71 76 81 85 86 112 115 136 112 111 107 105 104 99 95 93 90 81 85 88 68 67 62 59 54 57 59 60 69 79 76 74 76 82 83 86 93 94 95 97 104 104 105 109 110 114 79 92 89 88 100 92 91 81 78 74 70 67 64 59 48 46 40 37 35 30 28 26 22 15 13 10 7 5 24 26 28 31 35 38 42 43
68 67 60 62 54 49 48 47 48 48 51 56 53 56 59 60 64 71 74 79 84 86 89 100 137 132 125 122 120 113 109 101 100 96 95 98 102 107 74 69 63 61 58 58 59 62 67 82 79 76 78 86 88 91 96 98 98 116 111 112 110 114 81 78 77 88 86 85 95 91 90 85 83 76 71 75 64 63 46 43 42 38 36 33 29 27 24 20 16 17 15 10 27 31 35 40 38 43 44 49
73 68 65 63 59 55 54 50 55 58 52 56 56 60 65 65 68 69 71 74 75 91 98 97 129 128 124 120 115 114 109 107 102 98 97 100 103 106 88 67 65 64 62 61 65 66 69 85 82 84 85 81 93 94 97 101 113 113 109 110 114 83 77 77 74 86 83 80 81 100 95 87 84 78 79 74 69 67 41 47 46 41 44 28 41 38 25 28 24 22 18 12 31 34 40 42 61 53 49 54
75 72 68 62 61 59 56 54 59 57 56 61 63 64 67 67 69 73 76 76 91 88 93 95 123 120 118 117 116 115 113 111 103 103 100 105 105 89 86 91 68 72 73 66 74 71 85 80 76 76 80 80 85 89 102 105 112 109 104 106 79 78 75 74 73 81 79 78 77 101 96 72 60 58 55 50 70 42 37 35 34 33 37 27 27 33 38 36 34 24 21 22 34 38 41 61 58 56 54 57
78 75 64 63 62 63 61 56 57 59 58 64 68 67 62 60 62 73 76 87 86 84 88 91 96 130 125 120 118 121 115 112 117 107 103 98 94 89 84 87 73 82 86 78 73 70 80 76 72 73 77 79 83 85 90 107 106 105 103 105 102 79 74 73 71 73 74 73 74 66 62 70 64 49 48 45 41 37 32 31 29 28 33 23 25 29 34 33 30 27 26 28 37 42 45 71 61 56 55 57
79 74 69 66 65 65 60 57 60 63 60 68 49 69 64 57 61 69 73 80 83 83 88 87 91 131 127 122 121 126 118 115 122 126 106 100 97 85 83 80 86 81 84 74 69 66 73 74 69 74 78 77 78 80 85 89 104 101 98 101 100 101 79 76 70 71 74 70 68 64 60 65 61 54 49 46 43 32 31 29 29 26 22 21 22 24 41 38 31 28 30 31 34 36 71 68 63 60 60 62
48 45 41 46 45 48 61 58 63 67 68 50 46 63 60 55 58 66 71 78 79 81 86 82 86 91 93 125 124 127 122 119 126 109 108 113 85 82 79 76 79 77 72 73 68 63 68 69 64 68 73 75 77 85 88 111 107 98 94 98 98 79 77 72 69 68 66 65 63 61 59 60 57 47 46 43 39 36 32 28 25 24 18 16 18 23 23 41 35 31 32 34 39 41 44 69 66 63 64 66
43 40 39 45 43 43 46 45 46 50 51 43 42 47 57 52 57 61 63 76 75 79 81 81 82 85 88 90 127 121 121 116 118 114 109 83 87 83 74 73 75 72 70 64 62 60 65 68 63 64 76 81 85 89 119 115 98 94 93 91 93 83 78 75 70 73 68 68 66 62 58 56 52 56 43 42 36 32 27 21 24 23 19 14 18 22 22 22 45 42 40 36 40 41 45 72 68 66 70 75
38 36 35 31 40 38 41 40 42 39 44 42 38 40 44 49 52 59 79 77 72 76 80 76 78 82 104 106 127 118 117 114 116 86 85 80 76 73 70 69 68 65 65 62 58 56 60 61 60 65 80 68 72 76 80 100 95 93 92 88 90 91 63 78 74 76 80 73 68 60 57 53 49 43 39 37 33 28 26 17 21 19 17 12 12 19 20 21 22 47 43 41 42 44 48 77 72 69 73 87
35 33 32 28 41 37 34 36 37 34 35 39 36 42 42 47 52 57 59 67 69 70 71 74 76 79 99 100 123 118 114 112 86 85 81 77 72 70 69 66 63 63 60 63 60 54 56 56 57 58 67 66 68 71 75 91 90 86 83 87 92 61 60 65 79 73 75 79 66 55 52 49 44 39 34 33 28 24 21 16 13 5 1 10 11 14 17 20 37 52 45 46 47 52 52 81 77 74 79 83
32 30 29 23 37 35 29 32 34 31 33 37 34 39 41 44 46 53 58 63 68 73 77 80 83 88 94 97 102 114 112 109 103 85 82 81 76 72 72 66 62 61 57 60 58 53 52 53 54 58 62 65 66 71 91 86 85 82 81 82 83 58 57 61 73 71 71 61 65 57 55 51 49 40 39 37 29 20 19 17 12 8 7 8 9 12 17 34 33 35 41 54 52 57 58 61 83 79 84 86
35 29 24 21 23 31 28 27 23 28 29 32 33 34 38 39 46 51 55 58 72 75 79 83 85 89 92 94 95 115 105 104 99 98 91 81 79 77 75 62 61 59 55 54 53 48 48 51 54 55 59 63 66 68 86 82 81 86 78 82 84 56 55 66 65 66 66 59 61 61 60 53 51 47 45 42 38 36 32 20 19 12 12 15 17 19 25 29 32 34 39 53 56 59 59 62 84 82 89 91
31 19 19 16 14 26 25 23 22 27 29 30 35 36 40 43 45 46 50 54 74 79 86 106 87 90 97 96 101 103 100 97 95 93 88 87 84 87 69 68 63 63 57 52 48 43 46 40 50 51 54 57 54 58 83 80 80 83 74 77 81 58 52 65 64 63 61 58 61 60 63 68 55 50 48 47 43 35 31 21 18 16 14 17 22 23 24 29 42 45 48 51 53 56 60 62 64 96 91 93
30 17 15 13 10 7 8 17 18 20 24 26 30 33 36 40 42 48 55 57 76 81 85 104 107 108 93 98 81 85 67 66 96 96 93 90 89 55 49 45 43 63 60 57 43 38 43 39 46 50 35 30 52 48 80 77 76 80 69 61 57 53 49 50 58 55 56 54 60 59 65 69 45 42 40 39 35 34 29 24 22 20 17 17 25 27 31 36 39 44 47 50 53 54 58 66 67 100 96 101
25 23 18 13 8 5 1 12 14 19 22 25 29 36 40 41 42 46 58 63 67 97 96 100 105 107 88 82 77 71 70 61 63 67 55 53 52 51 48 43 40 41 47 44 39 37 33 38 43 45 31 26 49 43 77 75 71 67 68 56 58 46 45 45 45 53 51 50 55 57 60 57 51 26 25 21 19 16 15 14 25 11 10 15 20 23 32 33 36 37 50 55 57 61 62 64 66 67 97 105
28 25 24 22 18 14 10 15 15 17 21 43 41 46 50 52 44 51 60 61 98 95 94 95 109 83 85 78 73 70 67 59 62 66 54 58 55 43 45 44 39 36 40 34 37 36 32 29 30 25 24 24 44 41 43 64 66 62 66 51 53 47 44 42 40 49 48 47 49 52 53 53 48 43 42 21 20 15 13 10 7 6 9 10 23 19 24 36 41 44 53 58 61 66 66 68 73 76 98 106
27 23 20 19 18 16 11 18 22 34 33 38 39 44 46 54 57 65 64 69 95 94 91 90 95 82 81 75 71 67 65 58 55 63 53 48 43 41 40 45 40 35 33 30 28 22 28 25 27 21 22 20 30 38 53 63 62 61 64 47 50 44 45 44 39 41 47 43 44 45 50 55 47 42 40 38 33 18 14 13 16 1 10 11 14 15 19 38 44 49 52 55 57 71 70 73 76 78 83 109
30 24 23 21 19 28 24 20 24 29 31 35 37 49 54 56 59 71 67 70 96 91 87 87 91 78 77 75 71 66 62 57 53 58 59 61 42 40 39 40 36 32 31 27 25 21 26 23 15 20 20 19 28 33 48 53 59 56 61 46 44 42 45 40 38 35 42 39 41 44 48 51 40 39 35 33 28 27 19 18 14 9 12 14 16 21 23 37 41 51 57 57 55 72 73 76 61 61 84 72
44 40 36 34 29 28 26 23 28 31 32 37 41 42 47 66 70 72 72 73 89 88 86 82 84 76 73 68 72 57 55 52 50 51 55 59 39 36 37 42 41 39 32 21 20 18 24 19 10 15 15 18 23 28 45 41 42 52 54 43 45 38 44 39 34 31 34 36 37 40 44 49 53 40 40 29 25 23 20 19 14 13 13 17 21 23 32 36 38 41 44 47 52 56 51 56 58 60 62 67
48 45 37 38 38 33 30 34 34 33 35 41 45 48 49 61 66 76 75 93 89 86 85 80 78 72 68 65 61 60 56 49 47 48 53 57 38 35 31 39 38 37 29 28 29 15 13 1 5 8 10 13 17 18 42 40 41 48 52 40 40 36 33 33 30 28 31 32 34 35 40 44 48 43 38 35 30 28 25 23 19 16 18 19 23 24 27 31 34 39 41 44 47 48 49 51 55 58 62 65
53 49 42 54 51 37 35 40 38 35 36 41 48 51 56 60 62 99 77 96 93 82 81 76 74 69 65 60 59 57 54 49 44 47 56 34 34 31 29 39 35 32 27 25 24 22 18 17 18 22 11 14 15 18 30 35 38 46 41 38 40 34 31 32 27 23 27 36 33 38 39 40 49 42 39 38 32 31 28 29 32 17 19 22 24 25 31 35 35 41 46 46 49 52 53 54 56 59 64 67
69 47 45 54 50 45 40 43 46 40 40 43 49 51 57 63 98 97 94 86 82 77 72 71 69 64 63 65 61 62 44 40 40 38 40 30 29 24 27 45 42 37 32 30 27 25 21 20 21 26 13 18 19 32 29 32 37 42 41 36 35 32 29 22 23 21 22 24 31 36 38 37 39 47 50 43 40 35 32 32 36 40 21 28 26 27 31 32 37 46 47 49 51 57 56 57 59 60 61 71
68 66 59 54 51 46 41 42 44 57 42 46 52 55 57 59 69 94 89 84 82 79 73 72 73 63 60 61 61 64 42 39 38 33 36 29 27 22 25 26 26 33 34 31 30 26 27 24 26 29 34 22 15 17 24 27 26 29 34 35 32 29 26 21 20 20 22 23 30 31 34 35 37 42 46 45 53 39 37 33 36 40 23 26 27 30 34 37 38 47 50 51 53 55 57 58 63 64 77 72
66 64 59 56 53 50 45 48 51 56 61 62 64 60 62 64 68 72 71 89 83 82 74 69 64 59 58 56 56 52 49 37 34 32 36 25 22 20 21 30 25 29 32 39 34 38 30 25 23 20 17 15 13 16 21 22 24 26 43 39 37 25 23 20 17 19 21 21 26 29 31 40 35 38 42 43 48 51 36 34 38 45 24 30 29 30 35 41 40 51 52 53 57 56 60 65 64 65 82 77
71 68 64 59 56 50 49 53 55 57 60 62 67 69 66 67 72 72 67 87 83 80 79 74 65 60 56 55 52 49 44 39 35 31 33 22 20 17 16 21 24 26 31 36 40 22 20 19 18 15 15 12 10 15 16 23 26 29 38 42 39 25 24 10 1 8 11 16 19 22 27 29 33 34 39 43 47 51 53 39 50 49 37 35 34 37 40 48 49 51 57 55 58 58 61 66 71 80 85 82
74 73 68 73 58 53 51 55 58 62 64 65 67 81 71 69 68 64 62 54 51 52 49 47 51 63 59 58 56 54 48 33 31 27 22 21 17 15 13 18 19 24 28 39 41 26 25 21 19 14 10 6 8 9 18 28 30 32 33 35 41 29 25 22 21 12 12 20 25 27 32 37 31 32 33 38 43 45 59 54 51 50 41 38 39 39 43 45 48 52 55 60 61 63 66 67 71 76 79 84
78 74 70 76 59 67 64 59 64 66 69 72 76 80 82 61 71 60 59 51 50 47 44 46 49 68 63 54 51 48 53 39 30 26 21 20 16 14 11 15 16 17 22 26 26 31 27 13 12 8 7 0 5 7 12 33 31 37 34 37 39 43 26 25 24 31 27 22 24 25 26 29 30 31 37 42 45 48 64 59 59 58 53 50 46 41 42 43 45 49 54 63 66 75 70 75 76 78 83 88
77 74 71 72 75 71 66 62 67 68 72 83 85 89 94 57 53 59 56 50 46 44 41 43 44 37 36 49 46 43 42 38 31 29 26 25 18 10 7 10 15 14 16 20 25 33 28 29 15 14 12 17 10 12 14 17 21 41 35 38 39 34 33 28 29 33 24 23 24 29 28 30 33 38 39 45 50 54 65 60 63 61 56 51 48 46 44 45 49 54 58 59 60 63 72 77 85 83 84 90
81 79 74 79 74 73 69 67 72 76 78 80 83 85 59 52 52 58 53 49 46 44 40 44 45 33 32 35 42 40 39 37 35 30 30 28 14 13 0 8 9 13 18 19 20 25 30 33 31 26 22 19 15 20 16 26 25 27 45 40 45 38 36 33 34 37 25 24 28 30 33 33 34 41 41 50 52 53 55 65 66 65 59 54 57 50 49 48 51 52 56 58 64 65 73 78 86 86 89 91
84 79 77 79 83 78 73 68 76 77 81 81 85 58 56 51 51 62 59 54 42 39 37 40 35 30 29 30 35 45 42 41 36 33 31 32 29 17 13 17 10 17 19 24 22 24 39 38 35 29 23 20 18 20 21 23 28 30 47 45 50 40 39 36 41 44 30 28 30 32 35 34 36 46 46 51 54 55 67 70 68 60 59 56 60 53 58 53 58 59 58 62 66 67 68 78 79 80 83 87
86 85 80 84 85 77 75 70 74 77 82 86 88 55 54 47 46 50 40 43 40 37 35 40 32 28 25 29 32 36 48 53 52 36 35 30 27 22 18 23 28 33 35 38 27 31 46 41 36 30 23 21 26 21 26 28 30 32 33 50 54 44 40 38 41 43 45 29 38 34 36 40 45 47 51 55 58 59 63 65 66 68 62 60 57 54 58 57 62 65 69 66 70 74 75 77 78 83 84 91
91 86 83 88 89 89 77 72 77 82 85 87 93 56 52 48 44 39 38 41 38 35 30 34 30 21 20 25 30 35 45 49 48 46 38 34 30 23 19 26 27 29 31 34 39 42 46 42 36 33 28 26 27 29 34 33 35 36 41 54 56 45 42 40 43 46 46 30 42 36 40 44 48 49 54 56 61 62 66 70 75 80 66 63 58 55 64 60 65 68 73 76 79 75 80 78 81 83 86 88
92 88 93 87 86 85 81 77 78 80 87 64 60 56 55 45 43 41 37 38 33 32 29 24 26 21 16 17 34 37 44 46 45 43 41 37 41 42 44 30 31 31 33 39 42 47 52 45 41 36 33 27 30 31 38 37 42 44 47 56 51 46 46 44 44 48 50 51 43 38 49 48 49 54 66 61 64 66 67 70 71 76 69 66 73 72 69 65 67 69 75 80 85 88 89 82 83 86 87 90
97 93 98 94 89 86 84 80 80 84 85 88 62 58 47 43 38 37 36 31 23 26 25 20 17 14 11 24 29 30 39 41 42 47 45 42 44 46 47 39 34 39 37 38 46 47 48 45 43 36 35 39 43 47 43 42 43 48 51 52 52 50 55 57 49 52 54 54 58 59 56 51 55 60 69 66 68 71 68 73 81 83 87 100 71 69 68 67 70 72 80 81 90 93 96 98 103 91 89 95
96 94 99 95 93 90 91 83 85 85 87 88 50 46 43 38 35 33 31 26 20 24 22 18 14 13 10 22 24 29 34 37 38 42 50 47 53 49 52 40 39 42 45 42 51 51 54 56 44 40 39 44 45 49 47 51 48 52 54 57 61 54 60 67 51 55 62 59 60 64 70 52 56 63 70 69 72 74 71 72 77 80 82 99 102 72 69 72 77 74 75 78 82 88 95 96 99 100 105 97
98 96 104 98 97 94 95 105 90 87 91 94 51 50 45 41 38 29 26 21 17 14 12 10 9 8 1 19 21 26 28 40 43 46 48 49 54 51 44 41 44 46 49 46 54 53 56 59 55 42 41 48 50 52 57 54 50 61 59 63 61 57 59 64 68 69 66 65 63 64 66 71 73 76 77 72 77 75 74 75 81 81 82 96 100 103 72 77 80 79 80 82 85 87 92 95 98 104 108 116
99 113 109 102 99 95 98 101 100 97 96 99 55 50 46 42 38 35 31 22 18 18 17 15 10 11 11 24 25 27 31 43 47 47 52 53 54 53 45 44 45 47 53 49 59 58 58 60 54 49 45 50 53 53 56 56 60 64 62 67 71 62 64 68 70 70 69 70 67 67 68 71 77 82 81 76 79 77 76 81 86 84 89 91 94 107 84 81 83 80 83 85 86 88 89 93 98 102 107 112
102 115 111 110 105 100 101 106 105 100 99 101 49 48 47 45 39 36 23 21 19 23 22 17 12 31 27 26 28 29 32 35 48 56 54 57 60 56 52 48 51 54 56 51 53 62 63 68 59 51 50 55 58 57 62 60 61 66 65 70 75 73 65 70 74 75 71 72 68 70 71 73 79 84 84 80 84 82 78 83 89 88 93 93 98 111 87 86 89 88 86 88 88 89 90 93 97 98 99 103
106 112 110 107 106 104 107 110 113 102 105 56 54 52 49 47 40 29 27 24 31 28 26 21 35 32 30 29 31 36 36 40 51 56 55 59 65 59 55 49 56 57 60 54 54 69 68 69 61 64 65 67 63 62 66 65 73 70 68 69 70 71 78 74 77 79 74 73 72 75 74 77 79 90 94 92 88 86 82 84 90 89 98 94 95 116 88 89 98 93 88 89 91 92 93 95 102 100 101 104
109 117 114 113 108 109 112 114 118 107 66 63 61 57 54 59 38 33 30 27 34 29 28 45 41 36 33 34 33 38 43 47 52 58 60 60 67 64 60 64 61 61 63 68 70 73 72 73 62 67 70 69 66 63 65 68 69 70 69 72 76 81 81 77 82 84 85 75 73 87 85 81 84 86 90 91 90 94 93 88 94 106 101 103 97 100 103 106 109 94 92 96 101 95 97 96 107 107 104 109
1 4
3465 3455 398 1918
64 5
106 103 100 99 104
107 3423 101 86 93
3425 3422 3420 3411 3424
3425 3424 3421 3414 4065
1732 1729 4080 4076 4058
1731 1725 1723 842 4064
1728 1724 1705 841 861
1730 1729 1715 856 1517
1523 1520 1719 1512 1513
1523 1519 1516 1508 1509
1527 1522 1520 1514 2836
2627 1529 1524 2823 2822
2616 2621 1526 2837 2832
4694 4710 1528 1532 2835
4693 4708 4711 2134 2132
4694 3104 4716 2130 2127
3103 3103 3106 2132 2115
3099 3087 3092 3096 2125
4659 4643 4647 4648 2129
4660 4655 4658 4661 3313
4659 4658 2033 3314 3310
2020 2024 2031 3325 3309
2012 2023 2026 2027 3321
446 979 981 982 985
2551 959 977 979 983
2556 964 966 982 984
2558 967 972 975 980
2559 970 976 981 983
1038 1054 981 986 988
1032 1049 1052 1054 3136
1050 1055 1059 1063 3134
1053 1059 1064 3130 3130
1054 1061 3127 3126 3127
3128 3122 3120 3121 3122
3125 3121 3104 3119 3123
3127 3108 3107 3109 3110
3112 3110 3110 3110 3113
3117 3113 3112 3119 3117
3122 3117 3129 3125 3122
3124 3299 3132 3125 3124
3289 3297 3131 3129 3125
3286 3294 3295 3131 3130
3285 3289 3284 3280 3274
3283 3285 3281 3276 3271
3280 3278 3277 3273 3270
3279 3275 3275 3270 3269
3279 3274 3271 3269 3254
3280 3279 3276 3272 3270
3282 3280 3279 3274 3278
580 575 573 3278 577
577 575 568 572 576
573 572 560 575 580
576 575 565 570 575
411 570 568 573 577
397 401 135 576 580
398 130 116 121 123
400 131 123 1196 1190
403 132 1196 1193 1181
405 137 2219 2214 2211
2229 2230 2221 2220 2219
2228 2226 2222 2221 2222
2239 2235 2230 2226 2230
2244 2239 2232 2227 2233
2248 2237 2233 2230 2232
9 10
3883 3879 3878 3874 3875 4929 4928 4923 4926 4928
3881 3878 3874 3869 3872 4925 4922 4921 4918 4903
3877 3873 3879 3864 3865 3868 4921 4916 4913 4898
3872 3871 3860 3862 3863 3867 3868 4904 4893 4894
3875 3870 3865 3864 3869 3874 1286 4907 4908 4899
3879 3880 3867 3865 3870 1268 1284 1287 1277 1285
3883 1285 3872 3867 1267 1265 1279 1272 1275 1280
1285 1284 1279 1274 1267 1264 1259 1268 1273 1276
1281 1276 1275 1270 1268 1265 1270 1273 1275 1281
2 49
794 792 777 793 1720 200 208 213 214 2174 2155 2173 336 342 1959 1958 1955 3108 3093 3094 2568 2563 115 3340 3336 3325 1469 1477 1090 1091 1093 2756 2753 2752 2752 344 344 324 2211 2214 3778 3780 3781 3496 3494 3489 3505 1455 1459
796 791 790 4963 4968 210 1910 1917 218 2607 2594 2598 342 345 346 1974 1971 1972 3111 3099 2569 128 110 129 1015 3331 1470 1479 1094 1096 2757 2756 2752 2739 2748 343 341 321 2194 2210 3760 3775 3780 1439 1436 1435 1448 1452 1456
5 5
25 25 0 19 9
18 15 16 9 8
0 16 30 16 0
11 6 15 12 6
15 20 0 22 22
28 5
2989 2987 2985 2982 2982
2988 2984 2981 2977 2978
2987 2983 2979 2974 2973
2985 2980 2975 2970 2970
2981 2978 2972 2968 2967
2974 2973 2971 2969 2954
2981 2978 2975 2961 2959
2985 2982 2977 2963 2960
2988 2986 2980 2962 2961
2994 2990 2970 2965 2966
2979 2975 2971 2969 2969
2978 2977 2975 2979 2972
2984 2982 2977 2979 2984
253 2983 2979 2984 259
252 256 2982 254 256
247 249 258 252 253
244 256 254 250 254
242 238 248 246 250
235 237 248 243 246
230 236 235 241 245
227 232 232 237 235
226 228 230 233 234
212 220 223 238 237
221 225 224 241 239
234 229 234 243 246
234 233 236 244 247
235 234 239 252 251
237 239 241 254 254
63 3
1658 1662 1664
1653 1657 1660
1651 1653 1656
1648 1645 1658
1643 1644 1648
1638 1639 1642
1635 1636 1639
1630 1633 1636
1626 1614 1621
1622 1612 1617
1617 1611 1612
1612 1608 1592
1616 1597 1596
1602 1599 1597
41 32 47
37 29 43
35 28 40
30 22 37
34 32 42
37 35 46
39 37 51
44 38 53
40 39 55
41 41 57
46 42 61
47 70 66
50 417 70
417 416 423
414 413 418
414 410 411
412 408 405
407 403 404
402 399 389
398 394 377
401 396 383
403 404 407
405 405 410
411 406 407
412 410 409
417 415 412
418 422 413
419 426 418
423 431 432
426 2521 2519
2520 2519 2514
2519 2514 2509
2522 2511 2508
2526 2507 2505
2504 2503 2501
2498 2504 2500
2494 2500 2499
2493 2495 2496
2492 2490 2494
2490 2487 2489
2487 2484 2486
2488 2483 2486
2481 2479 2488
2477 2475 2484
2473 2470 2480
2470 2463 2479
2475 2467 2482
2473 2470 2487
2478 2475 2491
35 9
3780 1829 1824 1828 1832 1563 1560 1558 1565
3779 1832 1814 1824 1828 1558 1557 1556 1560
3774 1834 1830 1828 4324 1343 1555 1552 1561
3766 3767 1832 4317 4304 1339 3049 1547 1545
3776 3779 3783 1349 1348 1336 3040 3833 3819
3779 3782 1851 1850 1843 1348 2428 2426 3830
167 169 1848 1846 1842 1825 1833 2435 3834
166 171 174 1850 1845 1839 1842 1846 1847
163 166 189 1854 2360 1840 1847 1848 1852
178 182 184 2361 2359 2360 2957 2960 2963
179 184 2350 2349 2357 2361 2954 2955 2958
184 2350 2345 2336 2354 2952 2949 2953 2955
187 2351 2349 2347 2950 2947 2948 2949 2951
2357 2353 2355 2352 2969 2964 2953 2956 2958
2980 2978 2975 2972 2971 2968 79 2957 2960
2986 2982 2979 2975 2975 69 64 84 2963
2075 2076 2982 2977 73 71 83 2968 2967
2072 2072 2071 2978 73 72 76 2971 2969
2071 2069 2067 2069 76 73 4900 4900 4909
2070 2065 2066 2070 4904 4903 4895 4898 4905
2058 2061 2069 2070 2074 4900 4894 4893 4903
2041 2060 2065 2069 2071 4895 4893 4891 4884
2047 2062 2068 2071 2076 4898 4897 4903 4899
3599 2066 2073 2073 2078 3655 3652 3649 4900
3579 3590 2074 2076 2081 3651 3649 3643 3644
3580 3584 3586 3591 3655 3654 3650 3647 3650
2373 3588 3591 3595 937 3655 3654 3651 3949
2369 2385 3592 933 932 937 3955 3939 3930
2386 2388 2391 931 928 930 3952 3948 3947
2018 2393 2395 926 923 924 926 3952 3949
2010 2019 1951 1952 937 929 930 3956 3960
2025 1952 1950 1947 1949 1954 1957 1962 1967
3676 3663 3660 1940 1958 1955 1962 1963 1964
3674 3663 3648 3656 2720 2726 2728 1965 1966
3671 3670 3666 2703 2718 2723 2726 2730 2733
2 26
532 2437 2441 2642 4246 4249 510 499 505 4515 4531 3174 3161 3170 3171 4219 4206 4217 505 500 482 495 1939 1921 1938 1941
538 2445 2636 2624 4245 4252 2836 2822 2823 4522 3171 3170 3157 3165 3168 4159 4148 4164 510 4957 4949 4957 1926 1925 1926 1927
2 19
1807 1793 1802 1806 3875 3873 3859 3865 341 326 328 3791 3781 3785 3551 4915 4912 4902 4908
285 484 494 496 3877 4909 4908 4922 36 30 4863 3789 3772 3788 3547 3559 4914 4913 4916
5 21
564 563 1685 1684 1679 1664 1676 1679 2433 2430 2434 61 42 61 623 4231 4229 2369 2373 164 1421
561 558 554 4194 4190 1673 1679 1680 2426 2425 2428 66 52 3811 618 624 4244 2370 158 163 1418
556 554 549 4199 4196 3532 3550 3554 2408 2407 2425 2428 3807 3806 613 612 626 627 154 1436 1416
551 549 544 542 533 3551 3553 3337 3333 2427 2429 3808 3806 3797 3800 613 331 336 151 150 145
555 545 542 540 530 549 3326 3321 3317 3323 3324 3327 3819 3815 1588 984 979 993 3000 2999 157
47 2
3563 3560
1938 3562
1933 1943
1932 1925
1019 1007
1015 1004
1016 1016
3842 3837
3827 3817
4607 3824
4604 4607
4600 4599
4603 4613
1204 4618
1202 1204
1201 1200
1198 1198
1193 1194
1173 1176
1188 1179
1300 1183
1297 1299
1293 1297
1281 1283
1297 1302
1302 179
162 178
156 176
161 165
4010 4012
4918 4934
4914 4931
4929 3102
3197 3193
3882 3195
3880 3867
1018 3875
1013 3760
618 636
630 637
3803 3796
3802 3791
2143 3801
2142 2143
2126 2141
2134 2135
225 242
71 1
3949
3947
3942
3941
3940
3937
3936
3931
3926
3921
3917
3915
3914
3912
3908
3907
3904
3901
3899
3894
3888
3896
3901
3902
3903
3906
3909
3914
3919
3921
3923
3925
3928
3930
3934
3936
3938
3940
3941
3942
4351
4346
4343
4340
4339
4337
4335
4332
4328
4327
4323
4321
4318
4314
4312
4307
4302
4297
4293
4281
4286
4287
4290
4294
4299
4301
4304
4309
4311
4314
4315
29 3
1302 1301 161
1304 1308 168
2722 2721 2226
2712 2708 2224
792 784 2440
1081 1076 817
1080 1060 1077
1073 1071 1074
4527 1072 1077
4519 4520 4521
4538 1132 1134
1129 1128 1129
1125 1124 1125
1128 1506 980
1508 1502 978
3090 1521 3318
3081 3086 1116
3097 4859 4857
3099 4860 4858
3104 3109 4863
1389 1382 1381
1373 1379 1380
1609 1380 1356
1594 1344 1336
1602 4000 1356
1606 4005 1348
1609 1346 1345
1346 1345 1326
1347 1342 1341
30 4
4825 281 4386 4383
4815 267 283 4378
1240 277 4377 4375
1248 279 4375 4366
1249 3399 4380 4373
3401 3398 3399 4376
3400 3397 3400 3405
3387 3383 3397 3400
3403 3398 1088 1085
4670 4661 1075 1082
4674 4663 1093 2089
4678 4666 2082 2074
4680 4669 1973 2083
1976 1974 1970 1965
1971 1969 1965 1963
1976 1970 1959 1958
1977 2074 1965 1964
2074 2073 2072 2077
2072 2071 2067 2072
2079 2068 2056 2058
2077 2074 2069 2071
2082 2078 2073 2076
2085 4455 4453 4451
4464 4447 4446 4449
4459 4455 4454 4456
4463 4456 4456 4459
1963 1965 4642 4641
1953 1962 4630 4639
1958 1967 4648 4652
1970 1969 4651 4654
8 4
3043 1631 1629 1647
3037 3161 4595 4604
2621 3148 3162 4609
1968 1981 1524 1515
1983 1528 1512 1514
3907 3904 1530 3320
3903 3896 3910 3331
2044 3910 3915 3335
8 11
4785 4783 4779 4781 4782 3826 3824 3819 3821 224 222
4782 4781 4776 4781 4785 3079 3811 3810 3822 224 220
4773 4771 4772 4777 4780 3076 3826 3821 3823 227 217
4771 4767 4769 4771 3075 3072 2648 2631 2351 2352 227
4766 4758 4773 3076 3075 3065 3066 2351 2333 2350 2352
4770 4776 4848 4842 4843 3075 2350 2348 2343 2295 2298
4773 4846 4845 4837 4839 4844 4848 2300 2295 2292 2293
4778 4844 4843 4830 4831 4849 4853 4858 2297 2298 2295
4 3
1654 1659 3985
1663 1665 3982
2685 2691 3981
2671 2687 3971
2 13
8 8 8 8 8 8 8 8 8 8 8 8 8
8 8 8 8 8 8 8 8 8 8 8 8 8
5 5
25 25 0 19 9
18 15 16 9 8
0 15 30 15 0
11 6 15 12 6
15 20 0 22 22
30 2
2797 2800
2792 2786
2788 2783
2783 2781
2781 2777
2777 2774
2766 2769
2765 2764
2774 2758
2776 2762
1640 1639
1638 1634
1634 1623
3152 1624
3133 3144
3153 3148
3155 3150
3156 3151
3158 3152
3160 3153
3161 3155
3160 3156
3162 3159
3163 3160
3167 3161
3172 3164
3177 3168
3178 3181
3181 3185
3184 3189
2 41
2011 1306 1308 4866 3572 3575 3580 4255 4253 4243 4257 1710 5003 1419 1419 1420 3200 3194 3181 3194 1207 1225 1226 183 169 177 2101 2099 2096 2095 2080 2094 705 514 3661 3670 2620 2618 2627 2636 2641
2010 2018 4873 4871 3589 3576 3578 4258 4255 4246 1712 1693 4991 1409 1414 1419 3195 3191 3188 419 417 420 1227 1228 170 178 2106 2103 2098 2091 2088 2097 717 521 3665 3785 3803 2626 2629 2631 2634
3 46
2520 2517 2513 2512 2510 2505 2501 2500 2493 2089 2086 2084 2078 3804 4261 4260 3717 2082 1418 1422 4357 4377 4378 4382 1954 1953 1955 1956 1958 1962 1966 2792 2796 2797 2798 2803 2806 2498 2493 2490 2486 2483 2482 2486 4639 4623
2518 2516 2515 2516 2515 2510 2496 2495 2490 2487 2084 2066 2077 3790 3801 3711 3708 2080 1416 1404 1410 4381 921 471 2152 1959 1958 1960 871 1964 2795 2784 2793 2796 2797 2806 2808 2495 2493 2489 2485 2482 2479 2484 917 897
2521 2517 2518 2517 2505 2501 2498 2481 2471 2483 2485 2081 2078 3808 3803 3713 3726 2095 2886 2882 2887 918 908 451 461 1961 1962 867 864 869 874 2801 2806 2808 2811 2807 2811 2493 2490 2487 2482 2479 2469 2479 912 892
6 13
3903 3663 3658 3644 3662 3666 3686 3688 3693 2656 2646 952 948
3901 3669 3667 3662 3666 3671 3682 3686 2654 2652 2645 949 947
3898 3901 3906 3665 3671 3675 3678 3683 2651 2647 2642 2647 942
3897 3900 3905 3895 3673 3679 3683 2652 2649 2646 2638 931 937
3896 3888 3888 3892 3895 3684 3688 2633 2630 2626 2637 921 934
3882 3884 3885 3889 3894 3685 3687 2639 2636 2631 928 925 939
4 10
3295 3298 3301 3302 3304 3299 3302 3306 3310 3313
3294 3293 3296 3303 3296 3295 3298 3309 3310 3315
3289 3292 3293 3297 3292 3293 3298 3311 3316 3317
3277 3282 3285 3289 3291 3295 3298 3314 3319 3322
8 3
2048 1922 1911
2043 936 4103
3236 929 4096
2769 2751 142
1407 1390 159
2534 550 406
2518 998 994
2523 1003 1002
5 13
505 525 3339 2587 2586 2025 2027 2029 142 135 140 143 4608
525 1764 3338 2575 2569 1128 1138 2661 2657 2655 2659 2660 4607
1743 1760 3331 4181 2572 2973 2990 2991 4140 4124 4127 4597 4602
1747 2208 2193 2207 2977 2975 2993 1282 1284 4577 4592 4596 4599
1748 2213 2199 2212 2977 2976 1283 1278 1270 1277 4595 4598 4601
9 4
3123 4189 4194 4197
3117 4188 4180 4194
2116 2654 4804 4820
2130 2321 4811 2586
2336 2318 2334 2602
4285 853 3518 3523
4303 854 3537 3538
4285 4294 3542 3547
4293 4295 3547 3552
12 7
1435 2003 703 707 2520 2519 4690
1429 710 691 4312 2519 2509 2511
1630 2962 2351 4293 4300 2513 2516
3104 3108 1694 4297 3044 3041 3045
2789 2803 1677 1687 3024 3038 3042
2796 4441 1680 1685 3033 3036 3037
4444 4432 4436 1689 3034 3037 3038
2725 4440 4611 1692 719 718 713
2707 3427 4598 4608 4612 714 708
2711 3429 4608 4611 4616 713 701
3645 3652 4611 4614 4849 4840 705
3647 3650 4612 4616 4854 4848 707
5 7
4575 4571 4566 1150 1150 1152 535
404 4568 4565 1147 1145 1158 534
401 4573 4556 4564 1154 517 529
2733 3603 4568 1526 1541 4584 4586
2803 2794 2812 1538 4592 4573 4581
37 1
1008
1006
1001
989
729
736
89
81
4809
4823
4824
4825
1431
1423
3103
3122
4487
4478
4485
2290
2297
4511
4507
4505
4489
1929
2607
3771
2657
2648
2666
4462
4455
4461
4465
3985
3970
24 8
1366 1360 1360 1357 1352 1129 1127 1127
1361 1359 1357 1346 1349 1116 1122 1126
3957 3945 1360 1349 1117 1115 1119 1121
3952 3937 3952 2581 1122 1109 1123 1122
3953 3944 2583 2579 2574 3483 3492 3494
3957 1520 2238 2223 1005 995 1006 1007
1522 1518 1519 2237 3376 3380 3380 3385
1509 1498 1501 3377 3372 3366 3376 3377
1684 1673 1686 3378 3377 3367 3379 3382
1687 1686 1005 3483 3480 3491 3495 3496
3904 3900 1000 3481 3476 3490 3494 3497
3914 3894 999 992 3480 338 350 352
1006 1005 990 991 333 329 347 349
3473 3469 3466 3485 338 342 350 353
3483 3481 3479 4666 4669 4673 360 357
3484 3482 3480 4684 4672 1571 364 359
1569 3485 3483 1569 1565 1569 1571 364
1564 1569 1568 1564 1560 1565 1566 1567
1559 1556 1554 1550 1540 1559 1561 1566
1563 1560 1555 1554 1542 1563 1563 1565
1569 1565 1560 1555 1572 1568 4369 4373
4381 1569 1564 4374 4370 4368 4364 4360
4377 4377 4376 4371 4366 4363 4360 4358
4375 4373 4372 4370 4367 4365 4363 4359
3 3
9 6 3
5 9 6
3 5 9
2 70
2823 2840 2883 1471 1452 1453 1455 1956 1943 1008 1018 1023 1676 1665 1668 1670 1674 1677 1012 1009 1005 997 1010 2151 2147 137 123 124 128 129 137 138 142 3443 3439 3434 3429 3419 3433 237 249 252 4286 4278 4566 3757 3766 3281 4824 4851 4856 4858 1763 1762 1764 1745 1756 1759 1760 3784 3783 3776 3778 2134 2126 2142 364 359 4306 4294
2836 2892 2878 2885 1459 1457 1456 1957 1963 1013 1023 1665 1657 1662 1663 1665 1667 1016 1011 1007 1003 1001 1004 2146 2145 2162 142 125 129 130 135 140 3444 3442 3440 3435 3433 3425 3435 250 4701 4708 4290 4559 4555 4571 3274 3263 4808 4849 4845 4861 1763 1759 1755 1753 1758 1760 3786 3782 3780 3775 3772 3784 2137 2145 361 343 351 4313
1 8
1103 2927 3864 3875 3861 4433 4677 999
1 25
3992 3996 3998 4780 4766 3717 3729 3645 3643 1375 248 374 363 1885 1887 3894 3891 3906 4682 4680 4666 2473 2477 147 142
1 33
3159 3158 3154 3150 3149 3145 3133 3153 3036 3024 3039 3042 2011 1997 2001 2005 218 198 217 219 222 1655 1639 1651 1652 2439 2422 2440 2328 2338 3625 3621 3607
2 9
704 705 440 442 445 3385 3381 3387 3392
4075 1319 427 445 3378 3376 3369 3384 3388
3 31
4896 4894 4879 4891 1195 1193 1190 1206 1862 1866 821 824 1456 700 698 691 420 405 406 408 2416 2420 2407 2412 2410 2412 2414 2415 2419 2422 2427
4900 4883 4880 4894 4896 4095 4077 4097 1878 817 820 1453 1446 1460 701 705 709 415 408 412 2414 2406 2405 2398 2407 2412 2413 2414 2415 2419 2426
4887 4885 4884 4898 4901 4091 4086 4099 811 810 822 1467 1466 1465 703 706 710 416 412 2414 2409 2405 2404 2390 2406 2408 2410 2413 2415 2418 2422
1 42
2130 2127 2108 4850 4830 2780 2762 2763 2766 2767 2772 3377 3366 3377 4572 4556 4569 4572 1057 1053 1051 4435 4420 4115 4098 708 3599 3609 3611 3340 3335 3333 3331 3322 3340 3341 1217 1214 1195 916 923 926
2 3
7 6 7
7 6 7
10 1
890
888
886
882
866
2792
3764
4895
4463
4444
6 19
4859 4870 4294 4276 4281 1849 1843 1849 354 343 354 3016 407 404 399 382 384 3780 3776
4854 4851 4859 4280 4284 4286 1854 1852 357 362 3023 3013 405 404 400 396 400 3783 3767
2796 2787 2792 4620 4623 3371 1859 1864 3028 3023 3022 3008 3015 409 403 3248 3805 1381 3774
2498 2481 1600 4603 4610 3366 3361 3366 3030 3027 1961 1945 4433 4432 3258 3243 3789 1372 1376
2496 2495 209 4623 4613 3364 3359 3380 3600 3597 3280 3274 4414 4431 1846 3262 3793 1378 1383
212 208 205 219 3375 3373 3358 3376 3598 3593 3581 3278 4422 1849 1836 1847 3795 1383 1387
1 10
0 1 2 3 4 5 6 7 8 7
5 5
25 25 0 19 9
18 15 16 9 8
0 16 30 15 0
11 6 15 12 6
15 20 0 22 22
5 5
25 25 0 19 9
18 15 15 9 8
0 15 30 15 0
11 6 15 12 6
15 20 0 22 22
20 12
343 337 353 349 345 349 353 4085 4080 4077 4067 4084
341 336 333 338 343 345 348 4087 4082 4080 4078 4079
338 334 331 335 340 341 351 4091 4086 4085 4082 4087
4317 333 330 332 335 335 339 343 4087 4090 4087 4092
4312 342 326 327 328 333 335 2989 2995 4091 4090 4096
4311 344 342 329 332 334 2988 2987 2992 2996 4091 2998
4309 4311 343 347 349 4699 2985 2984 2989 3000 2997 2997
4299 4306 344 4687 4695 4695 4698 2983 2996 2993 2994 2995
4319 4683 4696 4685 4690 4692 4694 2982 2976 2989 2991 3005
4685 4682 4679 4684 4687 4691 4693 2984 2993 2992 2997 3002
4686 4683 4681 4685 4688 4694 4697 4700 2997 2997 377 3006
4685 4684 4691 4689 4691 4697 4698 374 376 375 374 377
195 199 200 4690 4693 4694 373 372 367 363 371 372
191 194 193 198 4695 4696 368 367 364 359 353 363
186 181 189 179 183 188 374 372 366 363 366 4130
182 178 173 178 180 192 1365 1364 368 4127 4124 4129
183 182 191 194 196 208 1360 1359 1364 4124 4120 4114
184 186 192 197 199 203 1359 1356 1359 1361 4122 4122
186 191 204 199 204 1361 1357 1353 1358 1367 4128 4123
190 193 205 204 205 1356 1352 1346 1360 1364 1367 4125
15 8
1205 1202 1201 1198 3881 3880 3883 150
1203 1201 1199 1195 3888 3886 3890 149
1197 1197 1195 1194 1195 3891 3339 146
1195 1194 1192 1180 1190 3335 3336 142
1198 1189 1188 1187 3326 3331 3332 138
1851 1851 1193 3335 3320 3338 127 136
1847 1846 1843 1848 3338 131 126 131
1851 1844 1841 1845 121 119 106 119
1849 1844 1839 1842 1844 121 120 3126
1856 1851 1835 1852 1854 3117 3128 3123
1024 1020 1853 1856 1859 3114 3111 3103
1020 1017 1018 1858 3121 3118 3114 3122
1018 1014 1016 1479 366 1686 1682 1667
1013 1010 1464 1460 364 1682 1680 1666
1015 1005 1024 368 355 368 1682 1678
19 2
1913 1906
1908 1904
1889 1900
1906 3915
3912 3913
3911 3910
3906 3897
4323 4308
4326 4321
1100 1081
2429 1092
2428 2430
2420 2437
101 108
102 4623
4649 4606
4668 4617
4670 4619
4625 4621
17 6
1847 1844 1845 1844 1849 1850
1841 1839 1841 1843 1847 1848
1837 1835 1837 1842 1844 1845
1833 1832 1835 1838 1843 1848
1830 1829 1834 1835 1837 1839
1830 1825 1826 1828 1832 1835
1822 1810 1811 1814 1819 1823
1826 1817 1815 1818 1823 1824
1824 1822 1818 1820 1823 1826
1827 1823 1820 1821 1828 1831
1829 42 37 1826 1828 1832
43 39 34 39 829 847
40 34 33 36 825 845
38 34 31 18 824 842
33 31 27 9 20 21
33 32 25 22 21 25
37 34 25 23 23 27
1 42
658 649 667 4331 4279 4299 4302 4305 4309 4314 4316 1841 1839 1835 1834 1831 1826 1825 1823 1819 1826 1830 1835 1838 1841 1844 326 324 322 303 3212 583 592 593 594 599 601 603 604 608 609 610
1 13
2681 614 598 1639 531 2801 4240 64 136 1606 2847 2857 2475
14 1
3641
3638
3636
3631
3628
3608
3619
4862
4859
4854
4837
4838
4843
4844
3 2
866 852
457 193
342 2876
2 7
414 2363 1811 782 1560 3144 1024
3144 4688 3804 3786 297 2911 3650
32 11
1122 1117 1116 1120 1127 549 544 546 551 3075 3080
1126 1120 1115 1112 1123 1128 541 544 3080 3072 3075
4355 1119 1114 1103 1119 1120 537 540 3075 3068 3070
4351 4349 4337 1109 1112 1115 535 536 3084 3080 3083
4354 4351 4352 1114 1113 538 533 538 3089 3085 3088
4359 4357 4354 3909 3907 3905 524 2819 2821 3086 3090
3926 3923 3914 3911 3904 3885 3128 2812 2821 2825 2828
3923 3922 3917 3915 3895 3890 3140 2830 2833 2826 2831
961 3927 3920 3917 3895 3893 3898 2831 2834 2827 2834
959 954 3925 3905 3900 3896 3899 2836 2835 2837 2840
956 952 954 3909 2606 3897 3903 3907 3912 2841 2843
952 951 955 2605 2604 2608 2614 3910 3914 2980 2973
953 949 2599 2599 2603 2610 2611 2614 2618 2976 2972
951 946 2597 2598 2602 2606 2610 2612 2614 2973 2970
944 942 956 2603 2605 2606 2613 2613 2972 2969 2968
955 954 957 958 2606 2532 2538 2617 2969 2964 2963
2522 2508 2517 2520 2524 2528 2533 2535 2303 2316 2960
2523 2520 2520 2521 1715 2531 2534 2307 2302 2313 2950
3408 2521 1717 1712 1708 1718 2309 2304 2301 2300 2314
3405 3404 3405 1713 1719 2311 2308 2307 2304 2303 2437
3403 3400 3405 3395 3396 3397 2313 3577 2305 2434 2430
3398 3395 3390 3392 3394 3396 3582 3573 3575 2435 2431
978 976 3393 3397 3397 3582 3577 3572 3561 3567 2435
983 975 985 1169 1169 1158 1161 3575 3568 3573 3574
981 977 979 1168 1164 1146 1160 1164 3571 3573 3577
3328 980 1174 1170 1168 1149 1164 1167 3574 3579 3582
3326 3321 1175 1175 1170 1152 1171 1168 1170 3582 3585
3321 3318 3323 1173 1171 1173 3329 3328 3320 3313 3314
3316 3314 3316 3321 1174 3331 3328 3327 3307 3310 3313
3313 3310 3330 897 1175 3335 3330 3329 3311 4448 4451
894 886 893 895 897 1997 1994 1986 4447 4444 4447
899 891 898 897 1999 1994 1990 1982 1991 4427 4437
59 2
2981 2981
2977 2980
2966 2981
2977 2981
2750 2760
4117 4120
4137 4123
4139 4124
4142 4127
4145 4130
4150 352
353 351
348 346
339 341
323 339
340 344
343 349
346 348
350 350
351 351
356 358
1965 1968
1962 1966
1960 1964
1958 1962
1954 1962
1949 1960
1946 1957
1938 1955
1947 1959
3751 3762
3749 3746
3752 3765
1528 1533
1510 1519
3660 3662
3648 3657
3661 3662
3664 3050
3049 3047
3031 3028
1130 3044
1125 1128
1114 1126
1132 2547
1137 2554
1142 4909
2255 4897
2250 2264
2256 2269
1382 1385
1380 1390
1071 1074
1056 1062
2590 2606
2604 2605
2606 2606
2677 2682
2676 2665
1 13
4223 4218 4215 4212 4209 4197 4200 4201 4206 4207 4211 4214 4218
2 4
4096 1973 1975 1978
3394 1954 1965 1967
7 1
1549
1566
1478
1474
1471
1470
1476
19 3
3804 3820 3823
3807 3822 3828
763 750 754
761 748 764
762 757 759
764 759 760
886 880 876
882 865 871
3211 872 873
3198 3206 3228
3217 3220 3225
3220 3224 3229
3221 3226 3230
3222 3223 3232
3224 3225 3229
3225 3226 3228
3230 3227 3229
3234 3230 3233
3244 3239 3234
21 11
751 756 758 760 765 2863 2862 2861 2859 2862 2865
754 760 761 764 770 2865 2865 2855 2854 2861 2869
758 763 766 768 2868 2863 2859 2857 2852 2859 2864
762 764 765 766 767 2861 2857 2854 2851 2844 2848
763 766 771 767 2867 2864 2859 2855 2856 2860 2851
767 769 773 774 775 2860 2858 2857 2859 2864 2855
770 773 776 776 2874 2864 2863 2859 2862 2865 2867
775 778 2879 2874 2872 2869 2865 2864 2867 2870 2870
4297 4301 4303 2879 2877 2872 2866 2868 2871 2873 2873
4296 4297 4302 4303 2880 2877 2867 2872 2875 2874 2875
4292 4293 4306 4299 4301 2879 520 518 523 2883 2878
4289 4291 4293 4294 4298 514 516 517 519 517 522
4288 4288 4289 4294 514 510 511 513 518 514 518
4284 4283 4286 4288 510 505 507 509 510 513 516
4282 4278 4281 4283 4295 502 502 504 506 512 515
4277 4276 4277 4281 4292 498 500 504 508 510 514
4270 4264 4280 4285 4287 494 499 506 510 514 515
4272 4276 4285 485 497 491 492 495 499 512 514
4277 4278 487 483 495 486 491 495 508 507 512
489 486 484 480 478 485 488 492 504 504 509
499 496 492 490 489 492 493 498 499 502 504
2 9
2949 655 4390 939 2723 1051 1068 3015 3014
2950 658 4394 4156 2187 2206 1670 1681 3025
15 3
675 672 682
380 682 686
399 404 409
4154 641 642
4147 622 640
4162 626 3443
3437 3432 3430
370 368 350
375 372 364
4853 373 377
4849 4851 4852
4844 4848 4854
4834 4851 4856
670 674 675
657 670 679
2 1
3129
937
23 8
2508 2506 2505 2501 2497 3827 3814 3824
4108 2499 2496 2494 2492 2491 2488 2495
4107 4109 3814 3819 2493 2493 2497 2497
4096 4112 3812 3806 3826 2498 2498 2500
4113 4118 4122 3820 2508 2503 2501 2501
2724 2730 4124 4128 4133 1621 2504 2155
2720 2725 2730 827 1620 1618 2155 2154
2704 2717 820 823 1618 1614 2150 2147
2713 835 818 4514 97 1609 4633 2155
841 838 4496 4495 82 4625 4620 4827
843 841 3388 4508 99 101 4815 4814
246 254 3387 3407 102 1871 2534 4831
243 234 249 251 1860 1855 1870 1875
246 238 250 254 1862 1860 1875 1876
247 250 252 255 256 1879 1876 1877
252 255 257 2020 2024 1882 1881 2749
256 260 2017 2016 2020 2025 2747 2746
260 2015 2013 2015 2017 2020 2744 2742
1732 2013 1995 2015 2016 2744 2735 2739
1727 1726 1726 716 1067 2753 2748 2749
1723 1721 1709 696 1064 1065 2749 4442
1725 1722 1721 1002 1070 1069 4448 4428
1728 1724 1008 998 1002 1005 254 239
1 16
2441 812 4038 1058 1067 1070 1074 2386 2374 3512 3494 27 4291 1292 2912 2547
3 44
4300 4295 4293 4284 4288 4289 38 36 32 44 47 4765 4753 4750 4754 3757 3755 3758 1285 1268 1288 1292 1297 2668 2663 2663 2667 2670 64 61 64 56 62 60 282 274 262 2711 2713 2716 2719 2720 2721 2726
4292 4291 4290 4279 4284 4285 4299 37 51 45 4764 4761 4761 4748 4753 3757 3754 3759 1289 1285 1290 1294 1302 2667 2662 2661 2662 2663 60 58 56 52 46 55 277 259 260 2706 2708 2713 2718 2723 2727 2731
4295 4291 4288 4286 4287 4291 4294 4298 4299 4767 4764 4760 4756 4742 4745 4747 3767 3760 3765 1286 1294 1296 1300 2671 2662 2653 2657 2660 58 56 52 47 38 54 58 261 2702 2694 2707 2709 2723 2728 2730 2733
1 97
1498 1493 1492 1490 1483 1492 1493 1498 1500 1010 1008 1005 985 346 339 349 352 355 357 358 363 366 369 372 373 378 382 4395 4393 4389 4385 4382 4378 4374 4355 4360 4361 4364 4367 4371 4375 3221 3216 3212 3207 3203 3198 3194 3192 3181 3185 3186 3187 3189 3194 3196 3197 3199 2201 2196 2194 2192 2190 2187 2184 2178 2188 2192 2193 2109 2102 2117 2119 863 859 853 858 3187 3184 3181 3171 3184 3189 3192 3194 3196 3199 3204 3205 3206 3211 131 126 123 118 116 114
8 15
4087 4086 4083 4646 4641 4640 4646 43 44 4665 4648 2297 2295 2290 2291
4084 4083 4082 4079 4644 4655 2121 2107 2109 4661 4645 2870 2289 2287 2309
3352 3356 4089 4078 895 893 4337 2113 4661 4660 4640 2868 2300 2286 2305
3348 3351 3749 4081 4086 1910 1900 1901 1603 4664 2862 2849 2852 2301 4664
3351 3354 3754 4239 4267 1919 1918 1604 1594 1603 1605 2854 2856 708 4677
3356 2095 2091 2072 4258 4260 1923 363 362 370 2094 2091 2767 703 688
2103 2098 2096 1370 4275 4262 1924 2694 373 2083 2080 2090 2750 2756 699
1385 1382 1377 1362 1364 4265 2688 2674 2684 2689 2090 2095 2751 2760 2765
49 2
765 760
756 756
751 753
740 1997
2012 1995
2017 1996
2022 1998
2027 2003
2013 2008
2015 2012
4914 4918
4913 4916
4908 4911
4904 4909
4900 4904
4890 4903
1622 1638
1629 1630
4031 4024
4026 4021
4021 4018
4023 4015
771 767
3827 762
3826 4866
4873 4857
4875 4870
1700 1694
1696 1689
1680 1687
1699 1703
1701 1704
1702 1705
1707 1709
167 171
162 180
1638 382
1635 372
1646 385
388 387
393 388
2522 2523
2517 2519
2516 2520
2512 1658
2511 1656
2520 1599
1603 1597
1605 1615
7 9
4015 4012 3998 2473 2482 255 243 2447 2450
4021 4017 4015 1442 3701 3686 2454 2435 2454
599 595 1461 1441 1447 2242 2254 2455 2456
595 591 595 1445 4405 4388 1363 3663 3665
595 576 586 359 369 1377 1362 3644 3659
3080 590 3183 372 373 2401 4903 4900 1208
3079 3083 3168 3171 2401 2399 2384 1209 1203
2 17
2387 2386 2370 2383 4964 4959 4960 4964 4547 4533 2553 2538 2544 646 642 647 104
2383 2379 2376 2388 4970 4968 4961 4550 4545 4527 4543 2544 2547 2048 2041 98 91
2 73
1924 1915 1925 1929 3662 3661 3659 3658 3654 3650 3115 3112 3117 4466 4456 4471 4474 4478 1425 1421 1423 1424 1432 4042 4037 4033 4029 4027 4023 4026 555 559 563 1427 1420 1415 1414 1412 1408 1390 1393 1334 1332 1333 1338 1341 333 339 345 346 3631 3630 3627 3622 3618 3621 2081 2079 2075 2091 2092 2094 2097 2102 2103 2105 2106 2109 2110 2112 2131 2137 2141
1921 1914 1924 1928 3667 3662 3661 3651 3649 3639 3647 3129 3120 4480 4476 4473 4476 4479 1417 1407 1422 1423 1428 1431 4033 4032 4027 4025 4006 4026 550 557 1425 1423 1418 1414 1412 1409 1404 1388 1390 1336 1328 1342 1343 1346 329 321 340 345 3626 3625 3623 3605 3613 3618 2082 2080 2094 2094 2095 2097 2099 2103 2108 2107 2111 2116 2121 2126 2128 2132 2135
1 9
1164 1293 753 759 2374 4901 913 4537 3111
3 1
1779
784
4552
1 3
3493 2399 4029
