100
50 562949953421311
24 256
24 16644640
50 2199023255552
38 274877906944
14 127
37 137436856321
27 133240274
21 2097011
25 100771
50 1125899906842497
22 3860865
29 536863360
34 8589934593
18 1
50 562949953421313
50 15
43 4398046511104
39 549755468892
27 8388608
36 34359738367
17 123836
50 346
4 15
12 1024
9 28
25 227672
16 65532
23 8388607
17 1
23 8388593
40 1099511627776
50 614872069429730
50 1
29 2889
49 562948879679489
33 31
48 246290604621824
34 17179864461
50 1117941583951589
49 281474976710657
44 549755813888
43 1
48 140737488355328
32 4294967253
41 2199023223542
40 1701
31 447173169
13 7065
19 187
19 61
42 2199023255553
1 2
50 1036577070399
38 137438953471
50 1125899906842623
13 8075
38 148664067389
5 10
50 1125880542419870
34 8589934592
6 64
50 562949953421312
50 1121501860331520
37 137438953470
10 28
15 32685
49 562949953421310
12 2047
50 1125899906842624
36 131071
31 1073741825
29 429
43 8783123384613
9 509
24 16777215
14 4
24 8388607
40 549755813888
3 3
25 33554432
27 67108865
1 1
8 193
32 4294950912
18 259066
11 1550
3 7
16 62645
7 106
43 4398046511104
10 1
25 33521665
39 414335782807
44 16383
23 7
43 608753950336
39 549755813887
13 102
44 24425
