100
8 90
5 11
6 64
6 64
10 1021
5 24
10 512
1 1
6 57
5 19
5 12
8 256
3 4
7 14
5 13
3 2
7 112
2 2
10 1014
4 15
10 2
5 21
8 128
9 318
10 1004
5 17
5 23
5 21
9 1
7 24
6 49
5 20
9 255
8 192
9 211
3 5
10 1
2 1
10 511
8 3
10 918
5 20
8 132
10 1020
10 1024
4 3
4 9
3 5
9 509
9 255
2 1
9 11
10 513
3 4
5 28
5 11
8 128
9 61
3 7
8 255
10 1013
8 10
7 63
5 25
9 494
10 1023
7 113
3 4
5 28
7 31
9 7
10 933
5 17
5 4
9 497
5 15
5 15
10 255
9 505
6 49
6 28
7 115
6 55
10 783
9 512
5 20
10 250
1 2
5 8
7 127
3 1
5 4
9 402
3 3
3 3
8 129
3 2
7 127
4 3
9 11
