10
733279
93 94171 273876 484796 356021 680184 218182 366798 376586 511205 632869 444980 443989 328682 665720 382090 26318 332063 581531 407707 517791 55598 231545 545322 688959 204630 539492 530373 558669 328294 546556 144639 713007 87152 629434 335748 34057 114337 702545 701185 625541 159398 412885 336250 488079 345326 275603 71660 234652 123854 36630 19164 469995 268174 564485 425674 30067 661240 222768 145999 256254 36044 290637 235981 123195 186791 128992 447794 591670 388800 415700 41195 548197 95305 377444 593539 440630 210311 665198 675282 624707 259091 251709 361422 527264 373457 53817 114594 301418 567127 260592 114935 160434 551228
832425
96 453773 365106 145171 179122 823785 660436 193721 353439 512443 282794 455379 501249 336729 717517 150600 345870 445443 111677 326481 653426 386292 482399 56740 525864 606422 697418 354756 222343 736411 192082 222310 357759 730039 367480 536880 721398 368342 71028 242411 48360 526673 38216 549608 30976 96159 40634 376845 541602 152310 43752 362602 538601 526150 419341 404891 300146 457185 100074 522488 361170 292155 85225 59355 189768 452704 769087 251592 161473 7689 666854 209832 707213 705069 99866 738188 801227 313351 282607 683255 638512 326359 213431 517540 20083 805623 90005 320229 603234 190078 183143 131979 655084 441219 364185 12426 61498
698620
82 672158 669726 45905 111142 206969 22366 543681 154914 395482 275874 356941 469536 309300 56881 502988 103516 654318 685210 338247 495615 18111 647947 76640 477211 224803 573093 446668 183339 558561 356249 33092 606330 327354 78996 18851 534322 175593 636763 64848 571074 214017 496020 416221 597548 627132 220588 2443 582829 281409 414922 454056 373752 364248 604927 152342 663283 479399 599009 148001 413571 256637 181092 395512 583991 334319 414363 493924 584143 352505 633003 456597 640753 430402 248429 539681 358914 469017 542123 317354 126037 258424 147021
923703
97 242551 579216 112455 58507 329680 386465 689186 555555 4441 271854 540679 671847 620259 117056 757565 483499 553796 348969 677503 425229 841054 465389 319802 740501 381559 459620 176357 638656 532306 78911 21335 900683 783953 259616 161314 189929 646080 52623 871310 776347 324477 488286 524490 146859 731168 484178 756184 361260 35270 509983 912316 876323 51668 308414 818948 559053 768034 71601 274005 502463 276338 421166 479442 136588 680781 640755 452343 528984 693378 525777 507454 219978 216186 234068 366836 23650 718245 199316 384909 879342 709298 499348 831961 886792 807762 727205 522141 777919 929 921972 482505 277267 545261 38243 539681 428165 804825
930479
100 588223 317156 807921 885260 189875 681851 402497 315351 405186 593835 264777 43792 661424 651184 438347 645265 365827 579831 835236 685547 80084 806886 352667 140384 183132 687559 548854 132580 763024 889694 100288 420767 276370 908208 375547 466245 721464 778043 843479 196170 441398 177776 301845 234227 828959 740191 10896 326191 389543 846131 81258 531510 784422 433924 671893 37074 252888 352151 231537 85432 311365 331824 506199 587735 371437 13150 185384 162421 791193 98383 420474 363995 276159 722318 660105 236522 532030 732885 562712 52977 648536 705854 646370 564362 209298 449667 601435 524069 801817 832972 609501 244587 296200 247104 894205 667636 260253 149109 830056 120966
798501
100 792761 517157 459487 623058 798064 348443 662205 121768 62782 463409 220113 724276 498494 426329 55011 116032 731508 89773 341141 691489 105427 310959 469695 412537 656801 121076 284918 58548 524860 570489 17334 519119 289144 162361 29217 288706 510803 691421 96015 573584 41869 1668 184899 225904 427996 239909 27476 46544 15222 368616 738032 604691 679574 409226 218726 223414 215842 503644 766004 740701 759673 468878 461319 250315 631238 490535 224562 29080 68995 6117 602663 594906 7784 787561 506350 121321 713010 533825 651906 413772 103939 591436 219961 469053 686202 438687 378008 587584 627871 345510 529784 589042 15886 676643 524897 332664 54217 434999 361743 607253
966573
85 519646 87880 85161 601735 897574 860479 187833 388520 850827 810135 449433 583958 588285 959855 674639 756255 247633 486314 944143 768970 402064 344230 563411 124726 686342 913055 879969 351320 481303 677962 852259 275934 765841 937419 877668 938399 831325 340485 601903 957136 184047 84762 574520 772331 319602 282586 803570 567234 43884 781139 369630 445947 158795 208025 812231 845136 154507 725626 471441 877367 678572 357126 186727 719398 327972 339380 932781 434281 679864 568111 424843 863910 894430 32789 911225 247458 556932 748221 814691 842374 562787 459305 321747 963139 667330
970646
100 118222 385135 577180 548830 385802 472527 965410 362877 230514 331342 821661 75481 797880 472310 441772 200598 208478 212596 155417 44306 276180 857306 244209 536607 863599 231046 137412 566651 700070 593720 39803 403595 8208 616982 952424 949960 118863 947187 342190 349376 307882 193204 10161 691066 665513 451932 476967 459295 664527 632383 503600 526011 519042 333112 647921 411994 564157 785332 7999 849530 408406 603751 282478 1917 250087 820206 951876 924899 382050 323420 859578 275236 101927 869738 966301 352744 906974 472621 812038 186158 134357 900941 297472 238703 819356 945393 650696 412867 760078 243998 847700 753787 433053 715482 341008 268443 565041 322237 222695 947090
1000000
100 158583 381997 495381 734716 829323 269835 171660 60557 660569 667456 646194 141558 349561 736080 370932 523575 147947 961233 968972 32491 656412 710089 480936 377967 904152 773344 919310 87680 277519 191774 252049 436102 90122 263781 687169 435796 533616 858828 496353 710536 42635 658898 368445 392195 911329 739376 915769 575627 216961 401093 608118 873372 111181 605405 251338 15332 378749 170648 619363 656267 878773 871412 608720 485247 651544 812240 921042 701511 671068 933746 412046 713702 592644 296843 622249 20324 36218 538017 595951 769530 939109 720420 159253 50289 325824 410591 581973 220924 97590 201335 877191 492714 589098 2262 977960 756994 814502 415354 458504 1921
985741
97 576190 48225 204956 222798 144208 39290 512539 836391 119470 892603 78807 248878 9921 721807 841071 280079 616011 214132 759974 557499 882761 62110 151068 885781 99219 170101 263084 531451 560364 356956 630033 150813 405180 834988 819601 9638 334527 792389 846028 899987 699250 385084 163124 169420 121149 464444 449499 737159 678575 669722 308917 575594 731831 905975 921625 291299 90334 198967 822749 110948 16172 467040 707751 867343 762277 1860 876980 557054 794248 197516 917290 953748 582599 540663 137426 703747 19365 47174 901156 697939 716895 224331 733783 908975 144564 669666 214533 680889 328882 497531 252086 791044 424821 959836 672645 647347 961695
