100
3573
97 3155 3200 88 2161 3401 855 2179 1373 454 2933 3177 3279 1279 1887 3550 3269 3265 2905 2410 3013 750 1967 2212 1933 1955 961 2189 3043 198 318 2254 3352 59 2341 2054 1 3195 774 1489 191 249 1092 11 1527 3094 103 1222 2900 3122 173 2339 298 2140 1092 2230 636 2052 960 221 2249 1278 2474 2027 1451 1357 623 1452 978 1396 2940 1283 1644 573 1294 3170 93 1396 934 3107 1059 1221 1987 1356 3360 3079 127 538 1557 1086 873 348 2478 3461 2489 356 1244 3111
4241
100 1557 2053 3807 1596 1072 620 2515 3548 731 2397 3053 2288 2180 2071 4095 2742 1201 1710 1976 3496 806 3618 720 694 2803 4120 3668 1288 548 166 1596 2105 4053 1162 1294 883 1781 3808 2024 106 3799 2670 4228 3572 2335 4081 2073 1129 1549 1642 383 4189 1018 2937 641 1414 2816 1902 2701 957 2067 56 3061 3713 3052 113 2190 591 1515 4213 2531 2907 236 2517 2237 2570 4191 1903 3698 3333 1138 1675 874 2155 370 1514 1162 779 3416 1457 1736 3076 1512 2390 2548 322 2503 496 2747 1611
4767
99 4456 2535 3246 3714 2112 2598 2898 812 4530 2307 873 4134 2261 166 943 4552 410 3551 4699 1657 261 4544 1455 2781 4545 2772 2615 2146 1758 129 2572 1447 78 3233 2575 4371 1063 2887 2597 825 426 3469 191 2687 1049 3316 4653 3641 4281 4584 530 4541 1775 4166 2555 3735 2171 2584 1113 3928 2712 1100 2789 2789 4332 596 4574 2809 3482 2403 3634 1323 1104 1239 1424 4335 4554 1309 3208 1482 3307 3737 1256 2496 3135 1225 1463 538 1223 4758 1881 3934 1090 2084 4137 2836 95 3943 877
4563
100 1628 472 1548 1605 1297 2467 997 668 2903 2552 853 1167 2465 2409 12 3847 1739 1805 3011 1142 82 1148 3945 900 3809 3127 354 1092 486 4142 4314 3155 50 2340 196 1346 1285 2234 2014 667 1264 2866 1833 207 1753 2887 4054 3491 1170 3543 1111 1251 128 492 3193 415 3619 3546 1507 583 4166 1257 3737 4215 76 411 2039 1360 3686 4052 2026 1428 3396 338 1634 1628 3224 2166 555 4393 1146 2708 2123 1273 3199 752 1687 3296 776 4235 357 378 1971 572 1071 2046 2024 3109 4447 2188
3485
98 2964 2223 1797 2355 915 1957 2786 2984 726 2987 719 1638 143 2732 1034 2351 2614 1744 1349 1338 2245 1628 3234 2427 1063 3307 678 1425 2377 1344 2369 1855 81 1912 1956 995 383 2488 493 1108 3222 1212 493 1111 1690 1526 3461 818 1016 1325 2155 3261 699 3135 2202 1761 703 2879 932 3079 1969 1047 2680 2049 2959 1150 790 3341 1385 2515 2196 1121 1473 2688 2231 3162 728 3438 1726 2976 2509 395 2751 3207 44 1467 2714 746 2092 160 1572 1807 1207 766 370 680 3148 2391
4595
100 1203 1089 68 4225 248 2537 945 2190 1707 4323 1786 3675 534 2490 3531 3628 306 4501 1549 1963 2182 3355 3832 56 2146 2376 4530 201 290 4118 2451 1492 3998 2518 4508 3037 3846 857 631 4344 584 1208 3424 4504 3697 1151 2329 2795 4443 3877 3549 2030 2636 2785 877 187 3952 812 3774 3033 3721 1629 3316 3123 2939 3228 1564 981 4084 986 730 72 2193 4153 3368 87 4095 1101 2881 3942 382 1834 1376 1809 3410 2253 787 1558 1856 4561 4591 981 386 3311 4103 2116 1944 1071 3097 1432
4192
92 3 293 2149 353 606 4075 3477 3015 489 117 3231 2785 4071 1221 3389 1733 3432 132 1386 2382 3325 3181 3857 3542 317 1392 777 2058 3483 2057 2169 1789 2350 2621 446 1259 2503 3922 81 1295 4039 3312 2384 2221 340 1580 3953 2075 1711 3642 264 3339 2630 2424 993 1250 3815 1769 3307 3105 3825 3779 3198 286 2208 3643 1545 3014 3372 4121 117 1522 3240 2500 3742 1883 4079 1806 3958 4094 3752 2525 1544 2189 757 2536 1743 2875 2608 3353 92 545
4722
93 2311 437 1203 591 3848 3846 1027 773 4703 4289 1236 743 4203 2266 2013 304 4516 4620 1520 1168 4597 2241 1475 2642 3910 4577 438 3603 4127 1841 1107 1715 3955 3987 3984 3080 66 288 809 1724 4576 2044 4144 4057 1266 1435 1316 1059 3010 2835 3905 2884 2031 657 2481 1218 2189 4596 99 1594 3392 2883 3308 2625 3825 2569 2660 3890 4535 3468 892 4388 2468 313 678 3733 3425 1993 1747 1712 105 929 1551 3814 1586 987 309 730 861 2085 2323 4252 245
4884
93 4293 4153 52 1215 192 3020 2855 2406 1359 3250 670 3060 4348 3557 272 18 2423 1442 4211 4542 3257 1053 2509 1508 4650 2797 3889 3801 3787 803 4172 3195 1456 723 910 1647 3742 3764 552 1601 2129 2605 4660 1592 1278 1431 2994 200 4257 2320 4741 2629 4757 3749 4136 1022 1662 4524 1322 1948 442 609 1643 3281 1332 2552 44 1573 1431 1979 3173 3559 4584 4332 1651 2361 879 4644 3944 251 3463 300 4263 3335 4048 14 857 825 4537 2178 2773 1478 2787
4819
92 230 4027 122 753 3690 4028 259 3487 537 2796 4253 4666 3445 437 1304 3436 2378 4594 3293 304 3276 2520 1675 3296 2958 326 4616 2787 3607 3766 4795 1520 2973 2600 2272 4346 4312 215 697 29 3010 2634 4694 1635 754 3682 2754 3131 1140 1227 1118 4415 3747 2792 576 4388 3118 372 2356 4408 4137 2331 1108 4794 2614 1063 2004 2106 1277 385 4637 1970 702 2196 1288 1455 3561 4041 2269 4700 2952 3386 1980 4382 3862 2555 3950 4663 610 1486 4251 2430
4870
87 1205 100 3693 4322 2414 1134 4089 2268 739 2012 2913 3066 4492 2787 4639 2537 3854 3288 1247 4534 3352 4455 4408 713 4319 1762 1781 4662 2249 324 2182 4745 1716 2296 618 4129 3430 1129 2819 590 3140 861 78 4053 3647 4716 1719 3923 4425 4257 3586 4199 3841 4416 1333 4581 2599 3113 4372 1269 3436 2975 1144 281 400 3053 832 251 4181 3650 2133 3742 4510 2210 2924 4579 3347 1064 53 2901 450 60 2229 4290 897 4853 4000
4840
94 1688 4087 563 4337 1852 3450 49 1267 2435 4205 1387 3003 2652 841 4146 4457 175 1532 1458 3260 3421 3644 1709 4268 578 47 2146 1136 1903 2160 3654 3743 1406 4217 3239 3409 2978 3439 4828 724 2803 1374 3726 767 2215 3184 383 2541 4715 1840 960 3296 796 2820 2875 1373 3019 181 2661 81 2340 1474 3975 3898 1002 2373 2466 4132 971 2453 15 3774 3979 3893 4692 1505 2236 234 4045 2110 2226 317 565 3173 3136 3440 4697 1314 3620 2517 1547 1271 4143 833
3161
99 2726 2967 1407 1208 2290 2219 794 1291 1417 2341 2634 871 323 897 1844 1049 2754 514 1560 2238 712 1296 1747 423 2465 1851 915 1072 1501 3049 2805 2826 2854 2812 873 582 469 1666 472 1885 2606 1705 1355 1529 2602 38 1177 794 2312 2736 1631 1624 871 217 2046 1935 667 1560 1606 2167 1448 3011 431 1140 1261 1303 322 1729 1568 793 2214 2774 2498 407 1141 538 2205 917 3092 1356 492 1561 2979 3123 377 463 496 1043 2022 2102 1809 308 551 2240 48 1811 2142 369 378
4635
98 3407 1224 1021 4030 3747 3253 2536 689 1821 76 141 3040 2001 580 3497 502 2051 4211 2523 3240 2725 123 2619 955 2779 1557 1031 2888 3951 1114 1078 2639 2338 2098 1950 1449 716 4486 2055 2453 4478 2112 858 1843 2608 4271 2262 23 3846 149 3179 1852 271 1163 2723 2966 2636 3753 1135 1869 232 2212 4424 2486 4309 1739 3934 306 1506 1270 2759 1348 3298 3533 3108 1271 3168 734 1293 2295 799 4472 4063 986 916 2150 3951 3468 1268 450 701 1416 2578 490 3901 2251 2145 3116
4467
94 3869 565 2815 772 4396 597 4042 4041 3288 4128 3547 2215 3679 2906 3299 1697 157 1308 3744 468 2783 3608 915 1402 2186 1050 2817 2577 3378 1063 1872 2779 1627 219 3350 1355 615 2925 928 3903 2385 4274 1650 1596 2713 481 3293 2669 1589 2569 2936 4171 1509 3650 1106 3694 232 3722 1603 3409 317 3474 1720 1743 3492 403 3098 4106 3327 3825 3341 1044 3432 324 2640 1477 604 1265 3945 2192 3633 2213 1896 674 1395 3001 4167 1427 2255 1102 368 2371 108 1888
3559
83 1938 537 3244 2895 1069 2309 3237 2339 627 3363 1095 10 1789 539 2566 874 370 1176 3025 3559 880 3335 472 666 2149 1037 501 2305 2658 194 919 193 731 3320 3087 956 2069 1921 3294 1852 881 830 1862 2670 525 25 3543 51 1201 2165 50 1237 1098 3237 1060 3246 3431 717 1149 2529 910 2067 1879 797 1827 1406 909 3053 2484 3360 502 2521 630 1520 788 311 1545 3488 361 1902 1250 3126 3138
2472
96 1273 2066 509 214 689 1947 1156 121 1060 1444 1554 1027 365 1837 1984 180 1625 1402 226 1925 2433 632 928 1793 1652 1044 1670 2113 1997 876 2415 405 77 451 619 765 2005 1382 886 200 353 2047 1226 325 1411 345 505 563 1746 338 2096 1314 577 551 242 2228 1203 1520 1869 335 2395 1811 739 2079 1869 965 2451 1009 2346 472 1208 227 46 2041 159 1456 1993 663 1627 874 1000 1250 2188 1576 1408 2037 940 138 1084 2416 472 614 1362 819 220 758
4889
95 777 4721 4694 4014 467 1176 3899 364 2548 645 196 1197 791 4673 597 479 2817 4862 1563 2343 3107 1440 1259 2006 3356 799 2738 1714 1713 3763 197 2489 3594 1 1438 4060 1176 447 4247 3548 915 4266 4744 1529 4049 451 2008 1976 247 3394 4318 3177 4833 511 294 3300 1309 2855 4837 2846 1728 144 445 256 4858 1706 4139 1144 1976 3497 4691 2891 2873 4369 4419 2033 4820 1361 3832 1 4754 3085 3178 4522 3595 3471 2756 4728 1436 2703 2684 2988 2847 2952 3243
5
5 1 2 3 4 5
4541
92 4124 2945 4520 4479 2643 4522 3256 2822 3356 1799 3274 3091 2276 2652 3447 2579 2914 595 49 3908 2494 4024 3226 1602 974 1540 2933 4353 181 4518 1987 425 2921 2627 362 1685 2608 4280 627 2084 1537 21 1295 4475 2672 201 2512 1706 795 2560 1734 3950 2704 419 1011 4340 2620 3943 4151 3462 40 2258 3887 3622 343 369 765 3612 107 1391 1817 1644 2073 3111 2239 865 3311 209 2571 226 3430 425 4176 2254 1505 645 2052 4125 708 2323 3045 747
4796
94 4491 2199 1826 4486 757 1017 3995 877 894 1554 240 864 3820 2013 550 2122 4513 1251 447 1795 4146 1079 4160 3241 2997 1569 1128 4343 4759 2996 3468 4453 2487 2586 4142 3243 894 3340 1412 1787 2186 3739 4738 3297 955 491 622 672 1742 1068 4554 3179 4234 1209 1623 2434 2777 43 1980 2740 3038 2740 4484 2816 529 1122 3351 1422 1753 4762 500 1230 996 441 4526 1951 932 351 4710 4761 3506 1759 3143 2943 2968 2058 580 3036 2100 4648 3067 2429 2591 2755
4231
96 2048 1599 3027 2285 2287 1518 243 1408 556 1758 3574 3297 4116 3705 457 870 3312 3143 1537 417 3004 3717 3323 1490 86 2125 1813 2642 2917 3065 3610 733 3144 2405 3018 3912 2403 1741 1088 1440 1979 430 505 344 2615 3673 3925 176 2585 1230 592 4069 716 2395 1327 3513 289 3139 404 3205 453 4013 2418 2078 667 3916 1758 3070 1425 2845 2990 1884 1755 1975 2227 138 4128 1921 314 2481 1631 3617 800 827 1781 2126 109 550 3746 512 2235 2679 294 421 525 960
3399
94 1578 3269 161 253 3330 2741 2378 1414 1284 2586 2848 1325 1120 1893 1062 2877 1859 3345 2693 2106 692 1941 2177 1591 2708 1203 384 1674 75 3110 2793 1652 2980 708 3057 2910 1202 2035 2078 240 1221 1526 1564 2341 19 379 2971 3030 325 19 1736 1016 1959 1666 2606 1267 622 743 694 696 454 1241 101 1187 1948 911 1850 903 2946 528 1142 1920 3206 460 2014 978 838 1586 608 1162 1604 97 3330 163 2915 291 2583 137 1033 1030 1985 2639 2270 3238
4067
99 2105 3644 3725 1086 558 2969 4061 331 3724 2914 4041 2584 1948 3382 1409 573 181 1052 2905 281 1979 2087 3976 1290 3250 117 1897 2833 2925 349 1437 3124 2086 3255 2303 2643 2157 2296 2973 3974 1143 1041 584 3090 355 87 1757 2696 1138 2755 2976 3116 774 2884 2500 2118 1094 329 883 2113 2838 413 3330 856 3668 1565 3498 3918 3860 2403 3824 3096 3443 2502 213 1892 2588 63 520 3725 2817 3496 867 3590 406 1460 1640 3661 1788 617 3867 2719 1029 3129 1668 2790 2787 1098 734
4585
100 3615 2970 940 2938 218 3171 3061 4263 28 2217 3958 3022 913 2550 4031 3764 94 1487 1994 3767 4347 41 2385 3490 2719 4115 2661 489 231 4373 3353 1232 2757 1679 1556 361 265 31 38 2264 4219 1383 700 2519 3932 146 1697 4026 3604 3690 594 3365 1118 2979 4241 1223 4480 4289 3683 2097 4076 2450 715 4220 4129 2270 4580 4393 4273 33 4043 3906 3387 157 1839 2733 302 923 4145 1292 1999 2126 72 3116 519 1699 4338 2385 1402 3436 4481 2865 1300 610 2499 843 266 2493 2622 4538
3872
100 1715 3335 2990 3431 1585 629 3650 1139 3240 1712 2768 2046 1759 3687 2331 3366 1281 1097 1819 692 702 1491 3277 3216 171 2537 590 447 2344 524 2172 1306 1107 1289 864 3811 3038 1761 1077 3525 3473 3845 1699 2479 3659 157 1972 2187 2373 3790 127 323 2529 3403 3538 3819 3187 255 393 1658 1899 2565 2964 253 1101 1075 191 266 2836 1268 3791 3556 1240 1617 2162 2146 2893 261 1580 2513 1299 1706 2835 1075 1236 3620 1021 551 1123 2534 3328 3021 2346 3539 521 3446 742 711 960 825
4372
90 268 1253 1126 1161 4050 1282 3309 3482 890 2031 2039 3117 3861 379 1668 3922 665 3102 2247 3044 910 952 4123 3378 3925 1340 1697 3192 3392 2958 989 3659 3243 1146 3851 1952 2427 1819 93 2349 3850 2132 125 2370 2510 1792 951 2206 522 3197 877 1431 3180 627 437 1765 998 2133 584 17 4122 605 2707 2992 1750 2185 3976 3209 3036 4068 217 1545 1827 341 3914 4336 2132 3897 1201 2653 1753 2078 3116 3965 1736 3552 1357 2734 344 972
4331
100 3966 2366 904 1303 1368 2751 3750 1423 3509 314 2994 274 2662 1475 4039 1403 3335 4272 2877 1625 3035 405 1056 1127 2916 1047 494 3915 3355 1750 1446 2381 3508 2349 3075 4267 768 2493 751 3668 2199 3136 3941 529 280 3649 1323 3006 2981 4199 299 1684 272 746 2202 2579 1184 2695 2162 207 3837 3607 1980 2405 1016 723 1732 1175 2608 2482 511 475 1287 3844 395 958 2553 1717 3963 1202 1584 3654 2277 1247 68 148 3826 1252 2234 1048 850 1739 4047 2829 4143 731 2944 1544 1906 1220
3954
98 3484 2188 1878 3054 1313 689 2090 874 778 711 3663 687 2009 1112 1967 110 175 2171 3937 1438 356 604 1912 736 2527 2659 2425 1993 1998 3628 3889 1527 1861 2782 1597 189 3470 702 2032 1264 2382 1740 2920 437 2852 932 1516 42 3102 1498 1479 473 3072 407 1208 1644 3065 649 652 2078 322 586 621 3152 3368 3187 3340 3853 3888 2387 2132 3285 173 1098 3721 40 2999 2253 81 2147 3750 2530 3589 3837 2936 1813 2497 3016 2461 3148 2109 3752 750 3699 2949 1133 2931 3304
15
4 3 4 7 10
4514
95 4499 1043 3118 1324 3127 700 3899 156 3528 3149 1131 2672 2521 2106 4343 2138 4046 2113 1537 2475 762 920 492 1575 2837 1472 233 94 3738 1597 2126 1407 2640 729 414 3450 3626 4312 3605 323 2947 2419 2995 3151 2209 2823 774 1740 2619 4508 1898 3380 913 2389 440 3750 3860 672 1527 768 4466 1336 2174 275 4263 2587 1409 3374 2384 2697 3697 3014 602 4375 1650 494 367 108 4431 2985 2299 1814 4048 3212 1886 2171 131 3429 526 3855 4196 477 2874 1855 2950
4891
93 929 1063 4813 2685 4626 4185 734 4816 2679 4400 1490 4686 4625 4288 56 251 1507 1110 3677 4240 210 4858 1969 2130 4661 3015 4755 1173 814 1247 294 1742 2310 3046 4426 4875 2339 269 4799 2957 2608 4228 2752 2342 3624 2807 2592 3070 1857 1377 2419 2066 1344 2327 2135 3944 3281 1999 3057 4094 1185 3350 944 3494 4336 3309 1418 4614 1517 1325 2680 4125 662 540 1575 2225 1286 2106 3235 1082 1422 3593 3147 2765 1028 3222 4649 4308 3160 2814 3510 4344 4103
4701
96 3750 220 2586 1902 3902 1832 566 651 4007 160 3547 3631 3293 2699 690 2653 4256 457 1259 3574 2152 3937 3457 3760 2092 2286 773 2132 3343 2007 663 1357 2226 2214 2224 1427 4045 2790 1043 2316 1915 4589 1246 507 2586 1935 3159 2140 1358 4417 4680 2475 2619 2401 1534 9 4686 1272 1106 2293 3278 1768 2616 4469 2947 138 160 1256 2927 1202 3572 141 1089 116 4314 2641 1016 2771 3746 1339 1452 2690 3814 3036 4056 4313 2011 4041 883 3116 598 3126 3850 3213 2893 2095
5000
100 1548 4202 2493 4468 1737 274 3900 4545 2527 3233 756 2750 2165 2214 1103 4107 2847 1197 1254 1649 3591 3766 2942 1029 720 4204 2817 2829 1335 2036 3176 2883 1237 668 2350 4326 2293 2602 222 4819 834 977 3920 4350 3190 1374 4809 1036 2571 1062 2684 2513 1180 1978 3542 1899 2533 2710 4727 3868 4745 4254 1750 981 4921 451 306 2213 4404 527 3383 238 1503 2302 939 1045 3676 747 3432 2598 3161 2468 110 4340 4445 3 2590 3329 2712 3669 2196 3808 2922 297 4789 2843 2100 1446 1407 1503
3997
95 3222 1550 586 3173 3533 1056 2180 3529 3639 3928 2384 1930 2218 2322 533 3065 3257 1355 1689 1529 1242 988 2291 2765 3526 3496 2601 3376 1653 1468 3704 1407 3017 292 582 3082 1878 2761 2613 2049 3221 1530 512 1441 3851 1044 1038 3110 2399 2727 1171 3640 247 3991 2937 3772 3490 1540 3151 1675 3007 3387 3082 2557 211 196 1641 2618 3487 787 1200 2710 2316 1711 684 2169 2754 2251 1811 1155 1510 3512 1327 1756 3505 266 1531 2997 1806 684 1205 1345 603 819 3901
4504
91 2461 23 1456 1268 1296 3775 2488 1678 4312 1451 1727 1068 1918 3852 1191 4450 1297 1875 1958 832 3138 1370 1097 2362 4028 221 3716 4274 3138 3042 1558 2126 3064 4045 3394 4359 3315 1377 1532 4154 2828 4290 1750 1273 3638 2940 1218 1462 1342 4207 3325 4480 2104 950 3369 2659 1170 3612 2428 835 2149 513 2960 708 53 1849 1595 3367 3226 3126 4049 2581 3944 1294 3853 4109 761 1598 1066 2102 2332 918 3109 4435 2899 3006 2589 4068 2113 512 398
4563
100 709 746 4348 127 3136 2354 523 3497 2694 3398 2427 611 3376 425 2398 830 1469 3496 1509 3061 431 1625 2130 4267 1818 3969 2577 2063 1877 3866 2266 3627 48 3092 3754 4226 883 755 4201 55 4152 3106 666 2964 3530 4105 272 435 4080 1780 4538 4510 3404 3146 692 659 2551 4311 3763 4428 3613 2507 3491 140 2077 3723 4365 4001 4477 4002 4056 544 2544 1200 3508 1511 741 3779 2987 257 2038 2961 203 878 1544 895 2578 4094 1684 2819 3958 733 1804 3928 872 3881 4129 1715 3318 522
4616
99 2090 2872 3601 4054 4425 1482 4042 2727 146 1669 1096 1532 4217 3937 3331 3465 3009 1277 627 1860 4403 3814 1204 122 4114 2439 1942 504 2770 1808 2849 243 63 1833 4296 4056 2882 3290 2166 2596 342 3261 4127 4126 2149 2409 2974 542 3685 3168 1969 3471 2366 3172 3161 1431 562 54 1502 2900 1861 4350 3142 1924 1134 2390 1363 3584 1063 3096 1563 972 1740 641 49 3889 3049 3022 3998 2118 1573 918 540 3506 3657 3700 4504 3787 3321 1390 2070 566 691 595 2057 1393 2552 2987 360
4918
78 2440 1519 96 2690 3851 2642 1667 2031 2830 1761 2612 4481 3557 2304 2127 1110 1483 611 449 2508 4561 2793 4147 2536 4535 1730 3997 1418 1020 1378 775 3459 3292 870 1230 2225 3512 3293 4651 1819 135 2740 1778 3692 125 3904 279 2003 4514 1124 4510 4553 3916 3738 2170 3929 946 1644 428 1965 3021 1203 505 1791 2468 2130 4411 1061 504 4539 2880 1035 2360 4657 4726 2484 4038 482
4985
96 3663 4870 1134 651 4598 767 4199 4154 179 3773 1433 67 1465 73 900 3240 4099 1363 2338 4624 1844 3848 3479 1250 3144 4037 263 2431 109 4968 4812 3288 4369 960 3939 3981 1243 2669 3149 1421 1456 4582 1488 2437 4171 1904 208 3284 2783 2545 2440 4627 1408 450 408 4068 4486 670 1513 4111 169 856 2414 4537 1816 884 3532 3058 3552 1213 3996 4524 326 498 1976 4013 1918 1700 1828 4700 3762 4267 3858 184 4717 4265 3768 3734 4451 4797 2377 4619 667 4790 4170 2482
4772
88 549 979 4085 2398 2716 440 813 3644 1476 2297 1994 3307 2855 3686 3194 4551 4205 1674 876 4271 1174 2699 2607 442 871 1572 1999 4183 3010 2133 1730 1034 587 1042 907 3303 3730 1719 4422 2681 4015 1643 3463 2098 2804 1884 4124 2237 3558 227 1735 4731 2925 4341 400 1272 3389 4647 682 1626 4255 2411 136 69 929 1042 3371 2134 2761 3020 2290 4251 2138 981 1576 170 2864 3176 2406 3897 3402 1616 1331 3803 3432 3979 302 2048
4861
90 3977 3550 1379 204 3769 2814 4112 2518 57 1210 1346 2519 2446 1313 1739 2541 4186 3493 1054 2168 834 737 2723 3672 746 4856 848 4023 1090 275 606 4276 3035 1984 4479 1152 4007 3729 3669 3273 4149 153 931 1733 675 2669 4274 4860 510 466 1377 553 413 3309 4224 368 3304 4282 3600 3603 3766 4206 3017 1939 538 2634 3090 4545 711 1107 2956 4069 469 3096 941 1144 113 353 352 4693 28 938 385 4511 4247 3818 18 1899 3238 3617
4768
95 2643 2378 1007 4377 917 529 1945 4730 456 1971 3506 4763 4485 1828 4501 4426 4753 3707 688 1537 4459 2189 2594 1318 1135 3644 989 3262 4299 2580 1314 2174 4669 2032 1494 818 2561 3150 491 2728 353 3708 2435 69 479 2167 4207 464 1105 4606 1712 507 2026 4017 1824 3161 2892 2524 1366 2423 47 2391 4308 4716 4423 1033 477 1927 4183 967 4654 4247 4386 2032 4027 97 4198 3465 272 246 3303 1983 752 272 1231 2288 3144 4123 43 4509 1489 90 2132 740 37
1609
89 454 421 1111 84 1394 1030 898 446 1049 148 91 1041 893 880 824 814 1349 720 1352 924 528 882 1169 330 954 1390 1559 330 883 232 1502 109 1034 1385 192 818 805 1089 1264 627 10 127 58 902 1389 1264 107 1510 756 231 824 1283 1113 766 386 839 928 335 1168 201 949 1060 309 373 1217 882 1573 795 362 1609 194 753 126 633 45 1514 287 533 1414 1043 764 1011 1098 649 167 1483 1487 1476 591
4201
97 3177 1331 724 555 2885 2650 1989 3066 3297 1379 3684 3715 2470 120 146 982 2465 783 3842 1491 143 1275 791 1466 2257 2218 2972 4135 1064 2189 3708 39 3519 230 930 2539 3216 2918 1739 2311 431 1221 2161 3237 1676 2306 17 276 3424 4194 1766 3566 1603 2892 830 3859 908 4137 4129 1971 2124 3635 2346 1778 4201 3275 115 3215 2327 1853 1660 2758 3409 3820 2129 883 2261 2481 1158 1483 2809 3259 848 211 2285 2013 4069 3528 1949 131 1634 4072 4102 3979 1648 4101 3388
4547
92 2019 1623 2626 4414 2606 2322 4348 2960 1329 913 3901 518 3280 558 3315 232 4354 2001 3183 4322 2730 3729 484 1373 3524 266 392 402 2932 440 1711 1197 2063 4336 1063 915 2904 1657 3874 479 3363 3227 996 2096 32 557 3121 4385 2557 2550 406 1533 2525 889 2905 1502 1154 4091 2697 332 777 654 2322 2839 442 3385 4547 4140 1288 3874 71 104 3347 1861 2993 3378 2417 1566 4009 1221 4115 661 2753 2093 2343 1905 4388 4291 2242 2537 869 3018
4824
97 1519 4420 774 2858 3802 1253 2229 593 2380 4085 169 1601 4387 2085 4768 1306 2223 4703 3590 4647 1157 4033 3672 2664 3248 4579 3005 2616 3533 1442 2810 2188 1037 3583 221 1974 12 4409 2567 2391 3670 2735 1127 368 4820 3030 1673 4178 2909 438 4000 1201 1606 4807 1001 1989 4561 4005 4605 406 622 4550 2593 3618 3309 4773 768 3320 4358 470 2846 339 3204 3973 706 335 4138 2378 1649 2222 4775 824 559 3517 807 1559 681 2503 739 2421 44 3320 2147 2636 2113 2591 2585
4860
99 386 3783 2916 2918 3440 1697 4496 4238 4115 3902 1752 552 438 797 938 1996 1195 1576 2860 1408 2928 66 1451 2087 2703 4157 1340 940 1198 1237 3433 1275 159 1488 4192 3291 3184 3828 2360 2131 2561 4112 2682 2690 4600 3620 4685 935 27 2377 2034 2646 2442 3484 4732 285 2472 904 916 3361 2140 4348 4328 1991 667 3351 113 3850 2010 2472 812 4570 1415 3494 2092 1155 1945 1608 1781 1663 3984 3814 4309 1566 2130 4180 1850 4601 223 2457 2794 2055 1944 1953 3737 2610 443 3849 1291
3884
95 2745 297 693 1081 1648 324 2595 2189 2233 734 2512 2614 763 666 3846 1099 1966 1470 2497 1107 1513 1913 2776 2220 3248 2855 729 1367 1581 586 2122 3697 254 2814 265 1902 2510 2859 206 230 3592 2089 2215 3727 2754 2177 941 836 3646 2810 1314 647 838 3461 2238 3457 2431 2338 940 3383 2924 2433 3195 2549 734 3460 566 3243 2434 144 3472 1514 2232 1803 728 474 3351 1040 681 2484 3849 1366 2502 175 942 855 3003 2744 3193 58 2242 1604 1862 1552 268
4671
97 2773 2738 1578 867 760 3526 3530 3114 3356 2970 1074 977 4573 3751 4000 3957 3620 2180 3827 2128 3489 3466 3672 151 3072 2739 1305 3503 3238 807 496 1339 3544 1333 2206 4303 188 1064 2005 2803 4034 3078 3779 3195 1417 3107 2481 4296 4547 896 1752 3364 4361 752 3515 2022 2751 4079 853 1317 4145 608 2656 3018 1941 190 1909 1388 513 3914 4190 3806 1580 2557 2330 2257 252 4070 1881 127 294 3633 3491 3915 3644 1594 1265 1723 261 2117 3040 4405 1984 284 2011 3184 4404
4862
97 778 4125 2059 2159 4017 2459 2900 517 764 2992 2715 4770 894 2759 1095 196 4263 763 3836 3089 2660 703 2190 1378 2838 4316 3654 990 4735 4258 3163 650 3520 3767 2809 1220 1364 4254 282 673 929 2997 580 1822 4301 221 563 2247 983 2944 473 3643 3647 2663 3566 1622 2116 2358 2611 535 1753 4319 1184 3818 1770 2538 175 3133 1929 457 3805 2857 1999 2931 3224 1437 1697 2333 3684 2679 414 4156 5 4060 502 3571 4227 1164 4474 1976 1698 4772 4840 1427 3727 1747 3965
4920
92 3124 1122 1694 730 1028 2144 1346 2898 3207 3045 4727 4071 502 2411 959 2852 3209 1734 1008 754 2712 673 1396 1790 3557 2488 2853 1214 2921 488 2661 3996 1610 2307 2677 589 4450 1975 3487 2737 99 3293 1887 3472 3655 797 1403 1944 2530 2411 2697 322 1035 2044 63 2543 2483 2915 1708 3356 3403 4369 2431 2964 1755 3060 1504 4156 114 70 4844 3084 1314 4682 1636 49 559 3038 4864 3088 3400 592 1361 2386 588 1423 9 3070 2290 1716 1505 772
4896
99 247 1216 2294 2657 3737 4887 4779 4486 557 3682 667 3771 192 4316 4381 1411 3544 1601 3503 3624 1870 818 4017 4374 2032 158 1571 286 2218 2049 1883 2464 3264 4049 97 1977 4039 4875 1566 4595 3532 2104 3342 3723 1524 2826 110 43 4298 3484 3667 1271 4302 2659 621 1437 2817 2191 1594 10 4239 3477 2474 2479 2629 2442 4327 1643 2420 996 1213 927 2972 4554 4522 4495 2356 4631 4537 1757 3090 3179 2900 2495 942 3520 3804 3630 686 501 3639 4797 3849 1216 2379 1453 3529 1809 3095
4714
95 4176 3643 627 972 2728 2211 2303 4434 4333 244 4714 2797 1983 1211 3569 3254 4611 3405 3919 1011 3319 11 940 346 2072 1470 2098 616 3499 2732 864 2960 4282 4112 1840 2295 4230 2050 4637 3849 2293 4636 1931 4275 3754 3407 722 1558 6 4640 2568 1232 4651 1415 1577 4630 792 1582 531 4290 4313 4016 2536 3881 1321 2283 4083 837 4332 4005 2593 4533 1835 2431 2001 3496 1123 2723 2962 3750 2648 3437 267 2584 138 1843 2499 929 3424 938 505 931 2861 948 2719
4024
96 2646 2536 2471 3990 2624 3105 2687 1694 2231 3995 2707 742 1294 1710 3160 2221 1284 3805 3662 1043 3602 1461 955 155 3327 1038 299 1289 325 3060 2326 2970 1571 1180 3343 170 260 2005 1864 2490 1975 954 3640 3676 2663 3183 2281 330 2964 1918 1372 2541 3786 2327 2695 3089 3364 3402 353 72 2437 3086 3449 391 649 2767 969 1316 748 2832 190 2722 169 3829 2782 3239 3395 1038 3569 2334 3363 916 1259 3124 3650 337 2596 2990 3738 3357 3469 2558 2826 2894 3357 3475
4542
99 4215 1926 744 2208 1420 611 512 1506 289 754 3281 1610 2215 3804 2532 4378 165 4205 3410 1040 983 2369 2505 4318 4138 3031 2890 3815 3228 1396 2943 4105 4525 3686 1770 2606 4297 3486 773 1247 901 716 2857 3116 4519 2050 4155 141 1712 3022 2384 3899 848 346 3674 1647 3376 2022 919 3266 79 3861 4032 62 4209 2463 3871 625 1406 102 1871 3511 817 1389 2084 793 3439 1696 2137 1812 1379 4520 1168 3430 324 300 534 361 3525 1452 288 3603 1975 4319 326 2845 2240 4197 3469
4637
99 1564 377 3676 3969 4179 1545 1504 1418 1737 2085 4503 3645 2097 2792 2384 257 3964 3871 3154 3547 4579 3099 4618 1140 1527 1365 2502 1420 148 3664 509 1711 3195 4184 198 2736 246 856 4153 1982 2940 3173 144 399 1327 2528 4447 4445 1761 2118 2509 857 580 2490 1996 1261 3854 3653 2680 3156 2679 3189 230 391 1890 4219 3126 2136 437 1796 3272 3377 331 3416 2930 812 461 1895 4411 2221 4012 2283 3077 3746 3927 4228 369 2298 2398 3049 816 439 755 200 4621 2644 3573 3109 3934
4898
99 1360 1192 4247 2367 2123 4144 3901 3780 1078 472 1154 2098 1879 712 3607 1515 4796 3916 1147 4599 2409 3876 4399 1752 3415 2453 4787 4539 2593 445 4287 4322 2006 4005 1790 4499 3620 1162 3380 4698 2003 4533 2267 4251 716 1345 1237 613 363 2383 313 3141 1361 4711 4892 4775 2636 253 4785 330 1067 4544 4652 3073 3650 1913 2673 2372 3075 1524 2541 549 1528 279 4800 2243 1624 1138 2855 2356 3521 3537 598 353 3350 591 229 1087 843 485 1786 2280 130 1909 454 3780 3822 3496 1623
4837
89 2759 2727 95 74 2869 2756 4172 111 2550 1316 993 251 3164 1328 2220 3327 32 2039 4116 2276 3253 1274 3877 784 1125 3609 3481 2516 3410 1829 181 574 4555 4354 647 1828 1515 4818 1939 4064 1296 2173 4314 4460 3500 938 2949 3532 2218 1469 212 633 1984 4088 658 3109 2860 3380 787 674 371 209 1247 4168 3804 1894 1158 481 1874 2338 3786 2412 4511 2504 1276 3173 3441 3466 1109 64 97 562 696 1322 4650 596 4430 1914 3975
4693
96 3241 3807 1833 3866 1315 114 2618 4208 1777 3471 4244 4022 1551 4259 2531 2259 1403 3490 3612 3397 1039 134 1196 2696 4509 1083 2301 322 4635 2016 2063 3182 1129 3895 2655 2745 4309 880 2259 1392 4651 2110 720 1508 1675 3551 4067 3378 2347 2986 2382 3687 3119 3577 1689 3235 4660 3990 3556 209 1312 1226 3691 2742 728 1652 793 343 2832 3352 1734 2789 769 2755 4597 2744 1612 4272 1429 4260 2564 4111 3253 1290 3296 248 4524 3563 4538 3688 3771 1157 220 2768 4199 1249
4658
95 3338 3009 659 2594 2088 2970 2741 1478 3080 1160 2917 3693 3825 594 2955 3930 1991 730 998 4390 8 4168 770 1126 2529 2369 3361 2788 2213 2476 3938 893 826 3346 2236 2913 1657 318 3141 78 228 1399 3771 4052 742 817 2073 1482 296 3070 1214 3711 1330 1983 3587 3858 4351 2289 737 656 3514 16 298 4339 2111 2533 1343 3767 1601 4483 3845 1828 1224 1707 4629 1965 1273 2043 3447 1568 454 3410 4028 533 4142 2956 4390 2584 3994 3876 3239 2849 2641 3536 1279
4287
98 3747 3439 569 3109 3623 1384 2983 53 1330 2421 2636 12 837 2673 3818 2429 1904 493 3558 1934 543 167 3232 2380 2289 2728 562 2505 1445 2644 404 4166 1795 4234 1962 106 1330 658 3420 1635 3078 1768 1646 2889 3415 152 6 1032 644 3563 2965 1186 3730 884 2540 1731 3612 3101 3210 4031 1458 3613 3910 2227 2534 559 2332 2839 1216 1464 186 6 2207 806 1870 1334 4219 1875 1340 575 1150 3279 735 592 4163 3274 1297 3487 2088 220 2205 2520 2807 802 3721 1054 1361 741
4855
97 939 2219 1044 4606 1758 4339 1320 1408 683 3151 1775 3525 1513 2213 4342 3791 4418 810 1926 4717 1946 1109 518 4129 3216 311 66 3432 4093 2509 3416 4404 4100 4459 4154 1002 3314 618 1781 3368 3769 2928 2037 426 4512 896 4217 4074 1077 1287 3935 3022 1767 3824 1667 127 4134 1733 2930 2744 3613 1490 2292 2857 1093 1590 3231 3778 2208 156 2290 493 2455 3699 290 2112 4594 3878 702 187 4536 4009 2580 1447 2977 3618 1573 2256 495 3875 4371 3480 509 1807 1481 974 3396
2980
69 2582 284 2913 726 732 2934 431 68 854 750 288 518 2366 2688 2303 2671 1007 1937 1107 2716 1589 1860 854 1662 384 1757 239 300 656 1489 323 257 1772 255 694 2504 2900 1124 2571 486 1585 2571 1003 971 2278 325 661 16 2261 1767 2731 582 359 604 2243 454 2072 2194 753 2439 702 1075 2408 2473 1042 121 1996 961 957
4530
99 251 76 1789 1142 2256 852 313 603 396 920 685 3524 2946 746 3404 4478 1518 2614 4420 3023 3932 26 1317 2653 4081 1721 4319 2088 3007 2079 2900 3258 2155 3780 3491 4410 3724 2895 4104 4119 3814 258 2204 1322 95 1078 1269 704 3691 1158 2819 2184 275 4135 3928 4356 1325 3716 1005 3424 357 2996 1243 2511 1337 3825 1482 530 2189 1055 119 1473 404 1414 2794 4120 2491 3154 3915 1652 4311 2203 3835 56 900 2325 3503 1316 1510 3599 209 1866 2064 543 3468 3400 4367 4041 3930
4877
73 1014 3896 1010 64 4400 3569 4868 1585 1236 4239 1145 881 1111 4302 3131 3432 3750 3424 2581 3485 719 4097 1702 1687 4363 1039 1487 4791 3354 289 2002 4368 193 3896 439 600 3472 1314 3069 715 675 4213 1596 2671 4522 734 1225 3394 4158 4690 2886 884 3910 595 3456 4280 2518 65 201 995 1239 3087 1370 1431 2105 1808 2915 700 3121 1106 1414 3795 441
4828
94 1875 3922 651 14 2682 556 2276 4065 1075 1009 3563 3382 4541 4757 1820 116 848 2051 1908 2445 3141 3531 3999 3869 180 3744 1372 765 3135 3376 4644 1277 2469 1562 2387 1418 2117 930 655 3191 1938 485 2841 1651 413 4660 2862 1260 2978 1037 4800 2386 4567 3971 1426 1015 3982 3894 1779 3385 2441 2690 929 1177 4251 3315 3691 1539 4244 4345 997 2450 1097 3837 368 2605 4764 3229 132 2914 534 104 1567 272 342 4089 1286 591 3154 4160 3975 1862 2021 76
4898
99 876 816 2952 4862 3366 1592 1827 26 3478 3620 354 1238 80 507 3740 2729 1016 1361 1280 1385 2154 2854 3803 2091 2099 1467 4205 401 2213 2725 519 3088 3541 3841 3051 2378 534 4877 2773 4381 3969 3127 720 4048 4003 4829 2248 121 1291 3898 1505 3444 1853 409 1007 4322 2246 683 4722 4458 3408 343 3017 2420 4183 1169 269 188 1517 3041 4568 587 1269 390 107 374 690 2354 494 1981 1353 2368 526 3576 2777 1902 2999 124 2585 2822 53 1464 3164 3069 3883 2818 4607 4521 3005
5
93 2 4 1 2 4 5 5 1 2 4 2 2 5 2 1 2 5 1 5 5 4 2 2 1 2 3 4 2 4 2 3 1 1 3 2 4 4 3 5 1 1 1 2 2 4 2 3 3 5 5 2 3 1 1 1 4 5 1 5 3 2 5 5 2 2 3 1 1 1 2 1 3 4 4 5 2 2 2 4 1 3 3 1 1 5 3 4 4 3 1 1 4 5
3773
96 3143 264 3283 435 301 390 1377 946 2380 1881 95 1416 1406 2969 1680 3439 404 1255 2808 2519 1191 720 1420 1170 17 1208 1210 2015 2623 1414 2369 527 1677 1878 3269 512 803 873 1457 3182 2753 1551 3133 2693 3054 3347 2358 3457 3137 3700 738 554 2954 692 259 2970 1900 1468 3519 749 2881 2114 1275 784 219 770 3603 1021 1642 3594 2737 2929 1371 631 383 651 2513 2740 2642 1876 1202 3379 964 382 298 1222 1887 2197 2689 1632 1480 331 3746 1289 3422 2499
4065
99 1896 1313 1991 1935 103 2937 3479 2274 647 3895 1963 2414 453 1167 2127 2173 1754 3718 2488 3703 1262 2383 3370 2395 3532 414 185 332 2395 630 1952 3233 1943 2885 44 987 1756 3522 2203 1344 2294 100 2700 2746 1267 761 853 1962 3420 3340 1599 616 600 903 1952 3073 258 2136 3404 2652 2766 1290 1819 3650 109 1862 3578 806 261 1715 2150 2554 1815 784 176 3081 486 1029 977 2847 3310 1517 3462 2851 2419 1348 1858 2676 2425 1196 204 1125 1428 965 709 478 1768 3229 226
4945
100 4414 606 2297 3286 2826 4899 194 3217 3331 518 1844 3904 2734 4620 4588 1604 3760 2757 3438 4740 2016 1833 717 4148 2424 4113 1819 3736 127 1393 4804 877 3280 2155 4162 1160 2108 692 4377 494 1209 2557 734 279 2231 1658 1883 2327 4414 375 3404 2766 2207 4120 1969 4630 4570 3787 4702 4696 1516 897 627 4795 3052 1126 2292 1496 1817 1723 3271 4308 616 341 4586 2847 1999 2805 1510 1467 3179 4913 570 1722 425 2538 2688 49 2661 3726 1081 514 4623 1707 1645 4011 4114 3936 561 986
4373
84 2964 1529 1199 2546 1282 639 327 3906 3691 4201 1701 2027 767 1885 2758 5 1855 3754 43 2021 3195 2780 3297 1799 3664 3014 1030 3284 4195 4197 3327 2785 1798 598 1403 3525 1682 2175 3058 1000 2003 831 3472 2769 2716 1856 3219 643 1236 3261 2664 503 2114 2033 2301 1850 673 3776 761 494 3600 160 3724 1470 758 1200 622 2439 3820 4125 3884 1449 582 2983 4217 3743 465 3062 13 2147 2396 3122 2649 582
4661
98 640 3305 1882 3852 512 4337 1450 339 3073 859 3861 3528 4244 848 2903 2138 249 1313 3968 1347 3623 3011 2953 3237 554 949 1489 3013 4420 3408 195 2585 2052 4263 1776 89 1464 3225 427 4537 1609 1814 929 1192 2661 3832 855 435 2670 2348 1781 1632 2884 2259 207 3438 733 3882 1789 491 155 4170 3076 2206 1297 2377 2294 2761 3127 247 162 75 2060 1090 3453 2246 260 4307 206 2930 4181 1986 2087 2403 1770 2293 1179 2502 3700 493 518 3854 1 3593 3585 1298 3495 3405
4791
73 1945 1545 4018 4013 1879 1141 2061 1294 3048 3098 4340 2429 2319 321 3099 4505 3175 3225 4275 1608 2889 2902 2407 727 861 3003 568 2374 3503 2348 2144 656 4547 2025 532 1635 3820 2592 2928 2076 1553 2477 368 4526 3452 3466 103 2490 2554 241 4097 651 3143 1713 2032 4003 579 3254 2240 4081 810 247 600 566 2271 1786 2855 1954 4377 991 4684 1793 4122
4669
97 4656 4151 61 4258 961 3852 3873 1001 1488 1739 775 4008 2246 4508 3044 2761 1711 1709 1761 636 3366 4336 1912 3069 4594 2199 2633 1150 1124 2141 774 668 1622 834 256 2139 4242 3685 3139 618 754 3470 4625 2556 3308 2999 648 4575 4264 1965 99 2517 1188 2010 916 1112 3765 3105 2261 4445 576 2591 443 1754 2982 698 3892 2111 4382 1919 2285 24 719 2240 2136 3584 126 2783 3046 3947 4304 3144 1794 822 41 2267 1934 3805 259 3751 3138 835 1230 3580 2145 3768 3835
4758
99 1364 2993 2556 923 299 722 1241 1722 3222 4246 1787 2864 3761 3097 588 973 674 1719 3606 2178 1302 3979 2286 4315 4569 655 3656 2987 4357 1389 3715 963 4382 3100 3473 1510 3821 1544 61 2284 2619 1847 1978 1621 1773 2565 4182 4034 1113 4617 1453 2415 3837 3738 3559 477 1223 4044 293 821 674 837 3371 1885 3936 2086 224 2998 459 284 2112 3077 3718 4089 4697 732 3483 950 8 4595 808 3048 3839 4645 3616 4227 1951 80 3512 2244 2488 1016 3080 1101 4488 2258 16 4712 2085
4103
97 1562 1785 1124 270 71 3000 1211 2980 3188 2137 4011 1077 2653 1904 658 3186 2194 4102 1535 75 3103 3371 2970 1479 982 1367 48 2325 3647 2994 1818 3039 675 772 3308 2680 3772 2350 3490 687 383 1228 1764 3035 3132 252 4052 1222 251 1483 3230 1184 2684 2096 2662 3666 1293 540 1887 2770 3534 1535 1705 2039 2307 2844 615 3909 1090 2 2426 1472 3163 86 2337 2191 2272 2285 1243 2522 1598 2303 1536 179 2229 94 1675 3521 634 1392 18 1998 2926 1723 4036 3063 463
4182
99 4137 2860 1084 2086 2910 3913 3519 985 3206 3245 1422 2161 3727 243 799 1270 3611 1282 3076 3836 3092 2333 1200 708 2461 1567 2896 2495 3876 3657 4150 3830 778 3677 1733 2131 1851 1069 3115 874 2758 2980 1478 2302 1666 2277 3571 1094 3558 2465 3374 912 3241 3017 1619 1520 401 2959 4014 94 877 2425 2367 1654 1919 2543 3784 3769 2056 1160 3086 631 4140 382 2932 1623 2658 764 1161 477 3228 352 1388 2287 3368 1451 2250 3768 2853 525 2306 2173 2950 3116 3826 3312 1477 1871 1343
4047
94 607 3345 2204 2387 1541 2935 3589 3379 806 2179 433 2476 425 2714 2843 1061 1827 2347 1960 2853 2008 2287 2598 995 1368 3267 805 3711 876 1342 2855 1482 639 1011 66 2424 143 3654 1999 1192 2029 2675 3667 2453 1342 2706 3758 3412 1250 1914 2217 3501 153 1012 692 1764 231 1740 1427 1350 3082 479 2831 3964 1733 3140 2584 1875 2990 780 3066 972 3698 2929 3668 992 1832 3378 600 3325 1489 2817 2778 1641 25 3469 3649 499 1161 1272 1848 439 1750 875
4962
93 710 4598 4646 3491 4666 3351 1064 2915 1409 3631 331 2416 753 1051 1825 4643 2740 2553 133 501 2471 3961 4843 1172 2173 725 1451 3741 4829 3000 4906 1060 3119 4589 4550 2822 3462 651 1258 4870 4765 2072 2807 556 3122 4631 720 899 2706 852 1883 214 4812 2248 1386 2507 2972 2836 1285 3322 1357 1712 4382 4475 1338 4453 2818 321 626 4075 712 912 1668 3518 1951 4790 3671 2670 1210 1414 3522 3577 1627 3855 862 3496 1399 4317 1854 3167 2676 3210 4878
4075
89 2610 3685 359 647 3259 1549 1870 64 2691 3670 3074 2485 1826 3369 2616 1204 307 1455 3887 2078 2569 413 2684 3757 305 1695 1896 3459 100 2593 3192 3312 2804 3550 485 1988 1023 2355 2051 3714 1949 1651 2725 302 944 1265 1505 1250 3321 1918 3929 2417 2932 3139 2098 3839 1360 521 3222 2061 3113 2339 1297 1841 1813 1782 355 3438 663 3007 3678 3213 582 2327 3514 1525 118 1546 3376 3439 3463 3831 1780 2922 3496 3877 2685 780 322
4779
84 1694 4237 94 2942 1617 73 1488 536 331 494 4608 731 203 2331 917 2777 1260 1020 1653 920 3915 137 4274 1144 4253 3890 3157 1804 1298 802 3054 1225 3272 3147 4166 109 3219 874 644 1783 4381 3486 2514 2817 1037 1664 814 2296 2683 2466 1449 1818 836 943 1195 309 3066 2586 346 4363 3387 1633 3821 113 1 3207 221 1453 2315 3877 1470 150 2583 2217 2966 1853 3880 3779 2382 1783 4478 3830 1835 534
4531
94 2205 44 2675 1036 1371 3116 3627 514 209 3798 2431 2713 2019 1013 4336 4361 3644 1786 1999 1346 4241 4261 826 2591 2964 1197 3809 144 3593 920 2520 1266 2889 664 4227 1654 1174 717 2168 3308 1909 1993 1490 3927 400 3220 3757 4043 2400 3150 2783 4036 2879 1003 2095 3237 2199 1372 3381 3186 4217 1369 1846 4501 3958 3467 1623 2526 4183 3790 1303 1560 3177 187 2882 3577 3406 2107 483 3201 725 3266 2705 998 1663 2194 4235 1257 960 479 1837 645 3773 3683
4742
93 1383 3780 1177 2511 3832 3491 890 680 1203 3917 4444 2592 3347 901 906 3260 888 1628 4302 386 4505 2145 264 1423 3618 2132 1438 2775 3434 1961 1651 74 3180 2828 24 4451 3758 913 388 218 2269 2271 249 3055 3171 1155 1572 1499 222 3314 1884 4727 716 4330 3589 1774 3901 2466 1988 2592 4426 3639 2666 2863 3906 2689 2572 2921 1042 399 578 750 2670 3009 3805 3280 1603 2816 36 1824 1387 4102 3990 4285 3689 2836 3498 2847 2742 743 2879 2425 1821
4434
97 740 3096 3017 2458 1580 3164 3347 1956 110 1476 2600 865 3290 1279 250 1559 827 1483 1309 2922 666 1939 4312 1657 3828 2994 2739 3902 2994 3063 2123 3833 1724 806 1857 3403 4069 869 1025 4178 2345 3624 608 1200 568 957 2858 1394 2539 4166 4316 3204 1670 4293 426 1063 2952 3265 630 1611 1893 2853 1010 3716 3658 2966 2684 3292 3834 3808 3135 1844 2998 3742 3143 3565 364 1566 525 2903 1397 506 1772 3067 464 2298 4229 3415 1228 525 591 3120 3377 1700 2501 2700 331
4596
97 4572 254 4224 1186 2843 2525 1267 337 801 4446 1208 339 841 97 3922 2629 424 1843 3905 580 1935 4547 2459 76 2175 3659 2058 2031 3235 4087 610 3211 4340 2185 4396 4534 114 3014 274 914 2864 3429 3200 3704 3525 2525 3684 3949 4368 344 1880 3654 294 1690 3729 4416 752 3138 1850 1338 2628 4408 4548 4319 1996 1700 4256 4057 117 1882 2323 332 714 926 1387 4239 3451 474 943 574 817 2822 4227 3058 4511 3359 2877 2614 3848 2079 3951 1880 1890 1255 1602 1237 306
4962
100 3042 785 4408 1662 1351 955 1541 908 3194 1560 2793 4834 2639 2480 4930 3182 1071 37 3772 984 4444 391 1900 3958 666 1423 3027 2079 4536 2109 505 2615 3378 4912 4760 250 1389 1822 1157 104 3382 3950 4937 1058 1951 4904 4239 3021 4940 3532 4004 4905 3923 941 4385 110 2848 2449 2188 2421 80 3176 557 3941 3126 354 4190 4514 2175 384 139 594 4817 113 2135 1805 539 1895 347 1000 465 4834 943 4871 1297 365 502 4144 3297 2690 1602 3860 903 2642 3322 4512 2995 2549 4547 207
88
88 83 67 43 30 67 75 8 17 35 5 25 10 62 63 76 75 28 26 42 25 80 24 60 12 15 74 73 47 18 84 62 12 62 81 41 16 43 24 33 77 28 57 63 65 7 50 52 11 51 69 11 42 4 46 29 82 32 77 16 49 72 77 36 22 45 76 37 87 11 45 76 15 13 50 79 84 75 18 70 38 86 80 55 1 37 60 58 44
4012
99 2217 2334 3630 3901 765 139 3848 3335 471 375 502 13 3442 984 3353 300 1285 1867 1097 1493 2270 3156 491 2392 4 2832 1105 415 550 1247 2662 2299 3112 2280 1719 3408 1950 1087 2731 2420 1461 2764 2432 422 3747 1305 722 552 3171 1818 2044 1429 961 2066 3820 496 885 444 910 967 1222 3572 2797 322 1371 503 3729 3320 1589 1979 1728 2581 731 3691 3003 4009 983 3724 548 3686 1061 2592 1102 1553 645 441 2048 1062 417 2958 1560 1170 2049 3888 1491 3419 378 740 2726
4807
80 3610 1473 3861 3193 2706 3130 4444 3652 136 1712 4800 3323 526 4356 1613 3198 3167 1538 1041 4361 72 3565 1221 158 2489 1130 2589 4716 2923 4197 3595 1725 1201 2988 449 4245 1310 85 3428 1445 2136 3421 300 2661 2969 2251 1391 1667 3788 2431 1560 3860 1527 2780 4356 4015 3909 2137 3923 2024 1865 3049 4087 3065 1229 67 2502 2539 151 1123 4322 2625 75 4621 479 3043 2404 1869 241 1384
5000
97 4795 555 3393 295 875 1957 968 4457 3156 4226 1479 2312 1022 1027 4629 2107 2928 3820 2401 346 2083 3067 4347 4741 2975 1973 1001 2569 3407 1255 695 4554 1809 4087 1200 4036 2395 2167 3492 550 2744 1322 2861 3766 3701 2490 2224 1628 2661 4624 3325 1095 4042 4024 835 2017 2348 3187 4585 754 4442 279 307 2602 717 2858 1637 3111 24 1481 12 2768 4154 2872 2885 2854 361 1460 834 3021 2435 510 4115 1477 4533 1301 3493 1880 4488 4429 3986 3929 4707 644 1530 1775 3502
5000
100 3289 1572 4357 414 695 2932 4219 1031 4755 2149 4838 1840 2527 2450 64 2392 1357 1699 3739 862 2755 911 781 4025 1192 4129 733 3354 3270 903 1160 2910 2474 516 3324 3169 4800 3894 551 4554 1042 1740 2745 4921 4189 2808 2312 1898 859 1050 2759 4965 3312 3540 3989 4503 2668 4722 4208 2289 624 368 1551 4450 2235 1226 2618 3386 119 4520 4291 1160 1260 2036 2432 1800 1195 4743 3697 2053 2144 1456 3370 455 1347 2358 1310 366 3431 1869 4007 407 3588 1909 4856 823 3134 3825 560 4604
4683
96 1237 815 4142 302 3704 1932 806 33 1455 3958 3046 712 2268 3940 1389 4671 488 1780 1031 3200 4316 1512 3345 3456 4148 2310 806 724 2670 1951 699 3568 2766 157 3532 1448 1750 4337 1480 2867 3611 4187 3578 857 3105 4629 844 3592 1725 1875 2108 1019 3386 431 4474 2512 2740 259 2897 389 1871 3596 3956 4636 3752 2466 1062 481 2119 2542 3347 708 1707 2241 1564 129 2186 2070 3720 3572 3944 807 4591 2308 1237 4043 4481 3639 4301 2695 3689 1489 1607 2623 1103 337
4736
99 3842 3755 1957 825 1641 4730 1659 2468 1562 3602 501 1825 153 70 1559 1785 3130 3817 443 948 4620 2178 1417 1673 4346 1870 354 3082 2807 2614 1158 632 1633 1835 1456 3273 1828 1834 4460 2109 700 224 2653 4308 3749 2931 1357 862 2011 519 1809 1894 2697 1946 3566 2306 2535 2639 652 605 517 529 1236 2149 2363 1411 4141 2910 3244 3864 3738 2663 2807 1655 2235 1819 3305 2311 2680 580 2829 3208 1193 4245 3873 23 535 1671 1381 4642 2275 1897 434 2230 4045 2797 2360 2169 970
4922
95 2027 2174 4442 4398 1679 1144 3293 3073 3617 3567 3173 2346 3748 2539 1295 2657 2581 1350 3462 4190 3496 4766 1106 4175 3302 3380 4292 1165 2979 1181 3058 83 3072 2296 4198 4750 3157 2568 2618 1851 1213 868 4196 4678 3124 286 2130 500 1636 669 4689 209 512 591 4101 3531 3970 3471 4696 2026 4369 2549 1826 2518 4562 1101 2063 2797 3387 4680 4365 4317 344 3639 4072 3467 3642 997 3685 73 1666 3451 4922 1895 3759 4100 222 2524 2366 4917 4549 1812 2261 1170 4047
4494
100 2334 10 615 2199 2111 2272 2838 1992 3606 2107 2824 1239 1278 3026 4052 4126 2359 53 3094 1065 2112 3484 1350 4400 3689 2470 1038 3343 1874 1857 2129 4207 3082 2743 3128 1914 1736 2687 3905 847 1515 2234 3301 2793 1981 2858 2424 4339 2911 2240 910 1744 1229 3475 1649 1640 1450 2686 488 45 1264 2616 974 1067 2081 4101 2980 3816 3509 2391 169 530 1346 3469 3322 3327 3049 2467 4387 1465 1428 2018 4424 2657 999 1579 4296 3664 986 1505 3709 3466 4121 1404 38 1707 1010 3018 1028 1240
4499
99 3836 3669 4365 3231 4143 3347 3255 337 679 2920 4341 3076 2600 4163 3985 1964 2935 2319 3262 1429 2029 1948 3242 1890 931 1228 3889 886 2532 3806 2115 3395 3 3507 2127 4146 3882 882 1510 61 829 1351 3136 3429 2542 4148 2420 977 1967 1182 3932 1024 158 2674 2913 1088 3902 3830 3500 3461 164 2642 3883 167 1650 1510 4312 1032 3919 1322 1092 248 4199 1256 704 3768 2431 151 245 4398 1333 4176 2449 3017 3878 2389 4104 308 1719 3104 796 1883 2773 179 2049 4422 3216 3388 2481
2958
99 1749 997 114 322 2834 668 1507 1156 2919 1584 2097 799 309 2775 2363 2820 628 2538 1349 875 394 210 2119 2458 378 88 1275 1360 2363 1516 329 1842 242 1130 2163 117 1797 1399 1960 2446 712 1786 974 1020 2290 378 1569 2918 2915 648 1522 350 1545 682 537 1923 1457 2499 324 1549 1056 1340 432 1297 2469 324 2102 1995 1722 1791 1482 163 619 185 1871 2908 562 481 597 518 1128 2118 1555 403 529 2091 2325 1985 1631 378 1264 416 2405 2383 2401 2603 2707 2232 1639
4998
99 447 3234 1841 4724 4483 1451 4374 2863 2319 1698 1554 228 2796 4265 4439 628 3346 4058 800 2200 2025 3088 4083 551 2594 744 2845 608 3203 1083 3236 3649 1333 2092 390 817 3542 4763 3679 862 1462 2249 3103 4258 1515 4558 1901 1877 633 2700 4076 2657 2804 177 223 2413 2934 83 3021 1138 1166 3272 1802 4512 365 2191 2344 922 1955 3039 3797 433 289 1901 4690 3817 3474 3606 695 4106 3321 1787 3778 1126 1963 1016 555 1912 1099 3575 3050 4278 3862 4851 807 4226 4058 3150 2163
