100
2525 1
2400 5
300 2
120 60
60 90
153642159 27
343818 8001
53564596 1939
24575991 319
90054803 8691
97440025 8002
140262898 1398
101768999 7112
8941243 7809
119913551 775
32485102 8586
97488340 3164
43026843 6932
39971980 1568
117221208 1170
81560624 4460
13663230 7604
9028539 9732
56974321 5816
143066934 9217
17339119 5786
55242555 9758
144001791 9491
87193588 8843
82497694 7134
12591459 1089
134357624 7429
15853555 9988
1000000000 1
999999999 1
537469349 7
459096688 3770
507742933 7138
158187739 4150
127406964 5333
523147940 2898
436718062 5843
167615745 2555
954655973 11
298854560 1193
365574534 7809
224459212 8607
381788017 7685
706854084 973
684217855 9631
152870840 474
499179219 7379
509856792 1032
861415907 4889
45134324 3575
689565366 100
511236669 3241
688456118 2201
669941376 1503
250336023 5383
43011133 6201
355438488 2425
550601131 6979
524376524 7213
674817457 7438
106356434 668
494773717 2332
114915615 4034
356658286 6439
653129209 1271
266196766 3944
436374953 260
368442766 7771
592694833 2221
163054698 4002
20171296 8471
211571151 7997
490868387 832
564134765 29
141035232 9316
365997678 8363
449440268 8330
287273571 4277
328113276 7448
630001567 8131
471149138 5212
80745453 6862
233944752 3952
141290113 7900
349179345 4859
68973353 4818
578999512 2337
431439521 8255
676068592 3630
227700440 7834
568164355 90
106127037 5654
91996541 7185
237024052 2725
587765866 139
260291174 4069
224365070 2763
422177393 1680
15426706 4000
549493795 1112
479116403 3851
139339418 8177
428315578 1480
653356464 7166
106842063 5999
36438465 4112
98169607 966
507922971 5314
478958144 8792
652015250 7230
615910456 6809
1107331 232
499029545 3774
592872317 6100
33110697 4336
126963088 1989
355497319 6968
403600335 7554
630506814 3088
555872087 3228
455151499 3230
196230548 7111
509894010 2148
368633601 4961
329967551 448
50442674 329
228368290 3750
157520453 8437
106667826 1547
303288078 5783
315383039 426
456318657 9648
286192143 8786
116675495 2908
291403618 7866
678619952 6252
228735934 7004
258069170 8685
402121299 7369
603900934 8051
689115239 1578
458551410 7739
365894745 7201
158943013 2597
137221750 2668
559617135 6096
137648338 8116
54217858 2821
306962700 544
304936142 3817
647265892 7272
1000000000 100
1000 2000
1200 1666
9700 10000
3800 526
4300 10000
2500 10000
8200 243
600 3333
2700 10000
4600 434
700 10000
9500 10000
8500 10000
6600 303
5400 370
5800 344
2100 10000
7900 10000
4200 476
6000 333
6100 10000
1600 1250
7300 10000
2200 909
5900 10000
9300 10000
2800 714
3400 588
6200 322
900 10000
100 10000
6700 10000
9600 208
500 10000
1900 10000
2600 769
5300 10000
800 2500
1500 10000
7100 10000
7800 256
2400 833
300 10000
1100 10000
6400 312
4900 10000
2900 10000
2300 10000
400 5000
3900 10000
9000 222
5100 10000
7400 270
6900 10000
3000 666
3300 10000
10000 200
3200 625
8800 227
9100 10000
8600 232
7200 277
9400 212
8000 250
4800 416
4700 10000
1800 1111
5200 384
5500 10000
9200 217
3100 10000
3600 555
4500 10000
5600 357
2000 1000
7500 10000
1300 10000
9900 10000
6500 10000
6800 294
4100 10000
3500 10000
7700 10000
6300 10000
200 10000
5700 10000
1700 10000
4000 500
8700 10000
8100 10000
1400 1428
4400 454
7000 285
5000 400
9800 204
3700 10000
8900 10000
7600 263
8400 238
8300 10000
593677569 100
211635756 4530
74211878 7073
527327597 4052
60253601 4192
17487561 8032
573979111 5147
96571227 1289
205370525 755
211626735 1919
291816083 6275
217010507 9709
548375727 7920
150151590 3918
534065757 1851
29028548 4100
56376070 9204
472674672 4132
431041231 3265
398506972 2997
313611005 9128
93111431 5327
257780038 7521
254076115 3689
289869881 6379
449398588 8720
131408973 8755
276688119 8758
262043351 3884
198682260 7745
228670038 536
176526828 2686
379392473 7205
44291450 2518
104147908 7437
438686296 9487
346107795 4585
446848240 8777
193704327 4313
497934479 1098
237784846 8427
472821134 1365
379941133 7891
93993038 9495
443492001 1700
290317822 5091
423687872 1885
155362105 3163
399446985 1667
313782200 9129
261534688 1354
233151450 321
75428251 6297
107552395 2554
352931853 366
305416153 3294
99736915 6132
169603028 8152
69223954 8924
539172282 7944
376200039 4183
198516354 9955
460412760 1139
218292077 4529
512803948 5574
403020066 7207
219436919 9408
560085430 8689
76206538 220
503274568 770
222391994 8243
561670811 7604
26045905 9263
31403843 7173
178198598 7462
102904907 7108
589052955 9429
527423107 466
246873764 1567
207572675 4581
562085359 8153
345655999 4227
559713002 2605
30548531 1984
92025554 1828
31129577 1662
163494946 3934
288555513 6184
522508788 8634
508297030 119
353014864 7763
12103462 119
277640078 551
247364149 623
407473600 954
290429790 9893
199784492 440
591899540 7460
387765064 8491
571050745 1051
349228672 2185
568245852 77
94742346 2396
97047590 1345
214759458 6963
180778729 9566
349720674 2311
29803599 7559
362775522 5842
22295151 5261
351602262 3136
323357962 5635
220184712 8084
285638235 5703
112689970 4743
543909757 1490
459189653 6077
324316734 8317
405380090 7201
152969077 7656
314450021 9848
330249986 5791
504940444 8191
453488727 2573
80302050 4778
513551148 4140
417201526 8959
374159224 3219
434756139 7364
492392686 6585
247768135 3266
287424739 2879
48458474 1850
361120121 9476
449638386 4822
272231485 9296
529130993 7442
340760484 9257
318424100 6050
39847972 6485
212623985 4367
293213776 1548
327329020 3123
110197435 8567
478748291 5169
446931929 455
566181337 9292
255287731 4395
516863489 9395
490893832 4211
145378363 2346
234319094 7553
332942467 2474
17406719 2912
353821815 806
330632315 4771
502139826 2845
211833688 2868
480151117 2597
545069338 7591
31377690 1361
498600431 1456
543472150 6513
191503 5040
252859068 629
364702889 6364
169918152 4362
545922485 5260
452367469 2430
378792737 4298
434895771 214
313382710 7752
411811552 4464
187923159 7732
61911785 3926
354034514 7113
190620895 2979
222730686 3344
479503715 5046
2 1
1 1
571578859 9
453505860 773
165870240 5036
511920559 763
23407319 6111
402449202 4495
535745594 436
453962605 4004
69629658 897
345967322 8437
398451419 100
325163343 5061
13443234 545
88569313 2269
105266735 1121
139562633 6484
179341470 5887
92246957 2319
11762438 4817
286890582 6188
147678295 3049
191390899 1523
30228478 5701
152345394 1907
40884010 481
163365908 9512
242368302 1132
323362476 6292
346773944 6661
80677215 2380
331349089 312
144283595 4996
66702636 290
80627412 8835
376795618 5343
98463814 8057
123306386 8151
180173830 6794
356674396 7913
364388306 3552
225836763 754
174252210 5804
253810114 7833
301979630 2879
182899368 201
48628492 2490
263512218 3600
83538097 8475
71193045 1824
348835173 1377
257884168 7639
284779499 866
224044738 3879
220871607 2929
96682314 3712
244882754 3709
63254206 401
235524454 755
183557835 5849
331503855 9524
305267112 7164
9499394 141
154180143 6542
206767582 1877
223799176 2148
317478036 9274
355243943 4590
18482534 3103
2550523 8575
15172119 5816
57712994 4386
78891246 5209
11138085 3586
143074192 7448
372375543 8233
91824110 1476
342385584 5132
150128765 6094
112824146 5773
310704739 8753
68591231 4674
227315776 7031
187503474 3932
228277925 3754
342978555 1950
224200728 3570
275258696 6350
185636865 5076
239965419 4906
24763504 8518
21055024 6580
291816095 4175
222103940 1287
130692852 108
123470390 1372
113467416 4826
26406369 3477
149955830 9942
70058848 1695
145191543 9369
151102509 9517
90242118 1930
288568615 4428
139156875 569
93685752 3088
342980934 8282
180752110 4192
350213932 6528
359390530 7640
63496914 8921
384589530 993
170882748 25
9487030 6759
64534293 9044
84969588 1477
73470405 3747
68007100 4812
167810124 7608
150985620 6561
127373997 4123
135838099 8551
42367357 5676
98181914 5423
163335565 1657
54561547 1537
121683448 9748
34919783 669
121302357 1911
5664583 7281
43778470 7037
159834082 9876
96263194 5458
53013532 5545
161525890 5770
121719310 1588
99501094 8645
149264330 9838
1000000000 1
1 10000
664818004 17
87869741 2430
417585782 3241
554929193 7540
340284848 3987
416358188 7788
60850840 4136
24412707 6986
409457058 3275
49919843 1807
39205612 7833
71198060 7324
32223491 6377
131319147 3022
326794883 1092
602185216 4911
5039697 9475
126107967 3401
6147723 34
1370283 2409
37755 8283
710779 6052
2089106 775
3404273 1860
3472811 5237
1595361 7287
1409134 9104
4351592 9465
3609816 5589
5086810 6781
4453789 2192
5901308 2107
3997570 2204
4012066 3784
602624 4170
2881202 2104
5907213 2849
4024911 1698
1884262 762
3485736 1793
4011462 5916
489529 6683
1894723 6353
288449 2153
2100166 6837
329130 4859
1913160 9244
1584112 5746
4525313 5046
5136938 5020
2276904 6041
1778922 7494
4749211 4160
1000000000 100
38 64
17 85
22 80
37 65
76 26
13 89
51 51
6 96
21 81
16 86
85 17
41 61
44 58
7 95
68 34
88 14
39 63
33 69
80 22
86 16
24 78
11 91
75 27
28 74
34 68
71 31
73 29
12 90
26 76
91 11
53 49
58 44
92 10
99 3
35 67
70 32
15 87
56 46
50 52
81 21
79 23
10 92
98 4
8 94
5 97
43 59
31 71
20 82
89 13
54 48
93 9
30 72
49 53
62 40
100 2
48 54
77 25
96 6
47 55
78 24
94 8
14 88
46 56
97 5
3 99
32 70
40 62
60 42
61 41
57 45
69 33
83 19
29 73
65 37
59 43
67 35
90 12
84 18
66 36
52 50
87 15
18 84
74 28
9 93
42 60
2 100
72 30
19 83
82 20
1 101
25 77
23 79
95 7
36 66
55 47
27 75
4 98
45 57
63 39
64 38
200000 100
1088 2
7099 2
8385 5
5087 3
8893 7
9333 4
8750 3
8972 4
158 4
7615 6
1261 4
494 5
7115 6
7319 2
720 2
5972 3
3189 7
8481 10
6539 4
2688 8
3900 6
1024 2
145 10
836 9
8298 5
3787 10
9770 6
5509 6
2166 8
531 10
719 3
8281 5
1952 7
760 3
4782 9
8040 5
6335 2
6370 8
4778 3
8661 8
4236 7
3843 6
1298 3
7830 9
953 6
6321 5
4106 9
2939 2
758 9
6070 6
436 3
1336 10
7154 10
9771 1
4579 10
4547 10
4299 3
3851 10
4281 3
1492 4
949 3
7010 10
199 3
5878 3
6747 2
7182 9
1289 4
2225 10
4933 5
7786 4
1916 9
4659 2
4803 9
7420 3
8769 5
8899 8
1006 10
8175 7
6509 8
1835 6
8964 6
3520 10
3680 8
6548 8
4477 10
359 2
3752 7
5631 5
6465 6
7899 7
3186 6
4874 5
2644 3
4376 5
3411 10
1996 10
9620 9
5000 8
699 8
4385 7
92171405 49
87158238 7964
34918263 5531
9534104 7692
88502026 4933
16327822 1691
18478534 3869
5484485 6583
29391285 3505
33731366 855
77389172 7375
2370055 9883
11534565 6982
43405739 7514
57405367 4052
47217959 5332
17987415 6366
56265325 1284
70927965 1630
54474344 5860
83615558 7820
71920333 9015
18440483 1562
69188355 4778
6049581 4775
55587781 9219
84495754 4194
58678568 185
72002394 3773
75808904 2578
17604217 7210
35032596 6736
35890838 1050
88288581 4032
91888753 1158
637502 6874
5555558 4550
54872201 8226
43075322 9975
86093279 9930
22881167 7777
83351624 3885
85175533 5307
21834667 7527
91230521 5634
78547853 5423
37576528 8919
7007966 2961
50379142 8173
25082757 188
82225309 64
44876286 5705
11884950 5449
71926166 5027
16749167 9544
20840256 3275
55064544 3464
32521913 3325
26051927 465
45580565 1736
63374908 1290
65779033 5453
14051271 3364
66003173 6989
45048466 570
75278264 3435
22966959 559
11083298 1975
50335030 2506
50544186 6227
43242871 703
12083597 3489
25690557 8056
51411970 6299
28717665 3170
9818212 1761
4956531 7366
82017618 8143
76937007 4529
41288302 6871
30232858 5989
12973354 5874
66398142 9401
41836417 5910
23634295 9192
54259976 1750
39638168 7824
12381538 5945
10834350 4533
26213180 4093
46600606 7540
48281421 720
38037254 1589
62803943 2049
66008393 5466
35948185 5716
66130936 7837
23526152 8123
34668280 6997
31498395 7303
47025561 6836
36580174 1690
68265444 5917
29557632 4339
36200302 7917
16989796 600
3967259 3221
18143852 3494
42148519 2024
51855589 7597
40339435 7326
65426340 4303
32617508 1805
39060446 13
26155581 604
200000 100
1110 10
3860 3
4354 3
772 9
240 7
8373 8
4391 10
3457 2
4369 9
211 3
9771 1
7125 7
5675 3
7361 5
5851 5
2621 5
7629 8
857 6
543 8
1123 4
3635 6
7094 3
5600 9
4493 6
2071 8
659 9
7571 6
8782 2
5993 7
715 3
3975 10
3891 3
4726 3
3371 6
8052 5
5152 6
9008 6
1083 6
9619 5
8731 6
1806 3
1214 4
6730 8
8074 5
938 4
1236 4
3865 2
3170 9
2390 6
7302 9
8764 6
9527 7
6777 6
6564 5
7193 7
7303 9
1350 5
3246 7
6388 4
3145 6
6006 4
5000 9
4127 7
1670 4
3195 2
5945 7
2408 4
4037 4
7678 7
2225 6
7655 4
7815 10
2359 7
126 8
1183 7
1479 6
8350 10
3868 5
2787 3
2852 9
8248 4
2982 10
356 6
2650 5
621 2
7079 7
7250 9
1467 9
7325 10
3183 6
6410 9
2492 7
7737 9
3309 2
5882 8
5388 5
2519 9
4673 6
9770 7
7825 4
200000 100
9962 1
7576 8
1035 5
108 10
7950 5
8408 7
9519 3
3091 9
1994 7
865 8
8715 9
3178 6
4956 10
2960 9
4558 3
214 6
8022 3
9961 2
9446 2
7537 2
7849 9
7567 10
9839 10
2456 6
1789 5
9806 3
5101 2
5615 2
9665 5
2450 10
8077 6
3457 7
4983 2
1001 4
8013 4
5617 7
11 10
892 6
8034 3
4808 5
7337 4
8591 9
1978 10
2028 6
9139 6
9871 6
8271 6
3275 2
4208 6
3486 5
4673 6
3668 9
5077 8
2864 10
7750 2
6759 4
3325 5
1122 7
5824 10
3466 10
4869 6
6427 5
4600 4
3716 8
4929 4
5290 5
5000 10
8426 3
4975 7
3911 10
1125 10
1353 6
6345 7
1254 4
2845 3
3455 3
1392 9
287 2
4640 4
179 7
3885 6
8267 5
5628 6
262 3
8635 8
7632 8
7703 5
7370 3
1494 7
2270 5
6737 9
5484 7
4076 7
1390 5
4946 9
5988 3
6362 6
3554 5
4812 9
2476 5
670021094 100
213314769 2417
177717505 8717
563055285 2721
295790612 746
507929503 59
547775131 8673
212364714 3135
206147635 5039
136228188 8208
575163564 5527
328403363 3541
114593457 4586
313777442 5909
247827494 7140
303691693 7871
6759710 5016
182664503 41
257332991 8729
10221059 2942
437993711 8953
101450986 413
579111936 831
556965232 188
392110330 9247
42332781 8096
224314892 1648
360295128 3966
433186699 6420
365606312 8466
67930862 6485
148263381 1247
257622836 7564
334351289 2161
554473841 914
416346563 5850
24997873 6135
497033042 5598
127555099 1760
572352818 2435
574443537 9181
5225150 1002
227046149 3624
373378532 2839
77892776 2467
424603923 1527
1706292 6191
159209029 3831
483242069 136
632473648 9399
398075445 1159
199669328 1624
518449355 3645
190615022 2647
292248362 1077
533793640 1258
161654096 6249
378353907 7645
557478641 4757
186746599 5497
149519438 6595
660461134 8873
264221027 6153
445263316 2046
263691646 7363
181385416 7894
190185095 1768
96976387 6685
273901091 6866
328837972 7850
245017813 3655
534457722 301
296503541 7729
567735755 1370
651117449 2592
80635100 9574
92064078 5237
44912221 5517
341359510 8035
538639209 4821
337485739 7534
13627907 8104
455200706 7353
229801694 1729
169268080 4196
263150138 5535
469425736 3376
605939017 3610
569378668 7879
572943758 5648
173179166 1465
22248594 9785
220669285 8972
482184724 8743
225172952 6964
267670165 285
547491078 2846
289815906 2622
242909359 6033
593986377 123
220082902 7716
368393305 83
10239394 8450
89655795 6716
316750124 777
82063492 6836
30908656 2694
231052949 2264
10474701 6675
176078382 3610
27069554 9117
97958350 1545
213526099 4047
18766467 4094
247864471 6328
94781587 2175
309224471 1037
345965094 9272
51235918 3377
77505131 4859
94850999 7917
364629549 8543
277460129 6980
165636478 548
347712103 2249
11334337 4943
242929704 4231
67442996 3537
252924040 5713
51365369 2731
152809785 854
76470639 8166
246605086 1859
314779406 4442
77919808 3516
144088488 9582
361329738 2880
340721832 925
204987803 1305
240547307 6751
67945909 3846
171252116 2741
157958761 6528
292733598 2755
200180602 6011
169387954 595
58220504 1865
67640655 6589
337587550 2616
158900050 8466
200441530 8242
55192958 3100
203879703 8702
169464856 728
241961224 5501
25214111 4857
242306245 5251
260858411 9391
264569098 3487
308454503 4081
220646467 3412
34145688 5585
229675223 8604
223844071 1756
4124684 9296
93287730 9021
366944952 623
192894273 7555
63038776 2523
248608946 5560
21064817 1878
89668908 305
353363842 2271
202930471 4583
52360940 1024
102293044 3473
333839016 6508
2996578 6570
286236875 5727
179977922 9093
224541801 6526
236434164 2672
111116041 2131
54472905 702
96020820 6779
2 1
1 10000
590479993 6
166652876 1413
443011664 416
480165860 1452
151893770 6118
424584156 7903
181734790 6878
200000 100
1957 2
4859 10
572 3
7734 4
1157 5
7160 7
1532 10
8394 6
5468 5
6292 6
4053 2
4011 10
9792 5
2929 4
739 5
4583 4
6337 4
6900 6
349 6
9715 2
3011 2
6139 4
5242 2
9176 10
8170 4
8871 3
7083 7
7692 3
1028 4
335 5
184 4
6140 3
9019 8
6771 8
3962 7
9211 10
3712 3
7493 10
3544 9
2511 8
7016 8
8239 5
1911 4
6022 8
1163 2
7880 5
2189 10
2003 5
4571 7
3309 2
7412 5
3141 5
27 3
6027 10
3457 10
2688 9
3725 3
4129 6
9793 1
8711 5
611 7
8020 4
4035 7
8631 5
2995 9
8838 10
5633 2
5484 3
3277 3
5878 9
7357 2
3531 4
9719 3
6797 8
547 4
3410 4
7404 4
5000 4
2914 4
6756 3
4256 10
4059 3
601 7
5377 10
1385 8
5895 6
8022 4
4353 6
3363 8
2538 9
2673 9
5587 7
755 2
675 3
1078 10
9025 4
2257 8
2391 2
5597 5
7447 3
1000000000 100
999999922 77
999999905 94
999999930 69
999999907 92
999999941 58
999999944 55
999999996 3
999999900 99
999999913 86
999999974 25
999999911 88
999999990 9
999999989 10
999999972 27
999999945 54
999999976 23
999999980 19
999999906 93
999999975 24
999999951 48
999999991 8
999999953 46
999999925 74
999999967 32
999999916 83
999999903 96
999999956 43
999999901 98
999999931 68
999999997 2
999999920 79
999999955 44
999999933 66
999999994 5
999999966 33
999999912 87
999999961 38
999999904 95
999999910 89
999999948 51
999999995 4
999999992 7
999999898 101
999999914 85
999999985 14
999999952 47
999999978 21
999999939 60
999999986 13
999999940 59
999999982 17
999999946 53
999999973 26
999999923 76
999999932 67
999999954 45
999999949 50
999999977 22
999999935 64
999999938 61
999999983 16
999999960 39
999999993 6
999999987 12
999999984 15
999999929 70
999999934 65
999999899 100
999999908 91
999999959 40
999999927 72
999999902 97
999999950 49
999999926 73
999999970 29
999999979 20
999999937 62
999999957 42
999999965 34
999999962 37
999999981 18
999999971 28
999999947 52
999999909 90
999999919 80
999999921 78
999999936 63
999999928 71
999999942 57
999999969 30
999999943 56
999999964 35
999999918 81
999999968 31
999999915 84
999999924 75
999999917 82
999999958 41
999999963 36
999999988 11
988019526 32
81958720 4901
495117824 102
682651234 7883
309815451 7119
58775856 2285
900423575 3337
382635977 3116
883141433 3172
401026803 9174
68688602 2388
540914842 4021
424050645 3683
730044746 1803
82887049 137
264560517 9699
159043610 5940
961748857 1396
394691303 1462
630927575 9040
673450905 4203
405871880 6130
225273465 5112
859325222 2312
18180681 2267
389951748 8009
135211177 5096
231792060 8262
969147928 4645
222284704 7457
689589862 417
163975689 5043
784798816 3030
861060644 8
505860779 8391
121220852 8461
645406846 1463
372018991 4526
404776194 8315
782312533 6466
629365890 7472
322631624 4319
502656040 5
311449727 856
312595539 8466
491254556 7544
173905834 9804
159010164 6783
43827140 51
15281185 8008
29719201 5540
29837893 317
280971 3118
36224605 6301
37108386 3056
33232160 1843
37330027 363
27669483 7235
10544435 776
12490024 2297
5888038 1155
24683803 7145
35787178 6217
16173565 7566
20021715 15
19259880 8754
38110766 3154
9844252 7860
34001986 4558
23363874 4471
38325654 8835
39380598 4528
17737809 5139
4427605 398
39159858 4356
32173163 5436
39515838 2172
39452790 1524
4391708 5447
34282082 2609
823130 8269
1876869 2060
31534119 7197
23597180 4688
24691770 9803
39651190 1422
34832247 6222
32056546 8821
7374598 6844
42514042 9897
36201740 3300
32075384 3075
23890896 5757
17947495 989
10709956 1328
38996081 5834
12182034 4202
11207079 889
10224113 1375
20517253 9890
558005940 1
125876361 5628
624499428 18
366156608 8181
87058938 8998
295676850 8169
441648113 5465
434320443 4681
565067328 448
226800901 6404
479866380 7761
423063356 5046
471471514 308
516034475 4876
240262162 3577
311237817 6774
1706645 4260
199884629 2213
68230660 1492
416149446 2233
185182373 1575
198303241 100
46643953 1623
92130012 1954
56058569 9096
71990415 3380
52606484 6795
145656231 4561
143449097 194
194173078 3
144504398 9487
106811137 4982
166703848 230
69374244 5822
6891537 8104
123094710 5344
50883189 3392
73023057 5185
8033703 1545
89403596 7599
21841017 5138
145321083 9167
94265442 8473
147505700 8825
35951382 9594
196382240 8841
107169277 6410
82935464 648
163552675 8886
54523660 4961
11111919 3670
134386196 2235
54716175 4312
74707232 7544
122014100 6386
153964487 9855
167079259 2702
139603191 6743
196102955 7016
137960561 5359
152639171 2328
155672156 5569
164324695 8461
183185645 1298
41607076 4782
36341899 3952
83353025 2331
106678599 2572
171365206 9465
15675493 7948
108583093 942
139723967 8378
148456122 5314
192159232 1670
69724830 4238
109209929 5895
91539969 4022
20162974 9765
171431469 4815
106560421 1546
21655348 4432
154126037 8387
147808889 574
143569576 5296
187646519 9277
53067611 1224
83213530 2686
35080637 5906
191561036 8835
88442733 262
59505381 9326
170489388 7490
63021789 4224
169007107 8694
128882480 9185
92872474 4675
195024657 4367
110016106 8586
133366409 6243
175024206 8202
130284890 6204
19774611 9591
40220954 3927
171744857 4115
174916828 7556
157559717 4390
61272293 6302
151619791 5151
188152734 3597
116148952 6757
81325437 8028
141309025 3463
90294990 3576
164535142 5794
6494697 8701
78246023 3159
132112499 8636
183568515 1104
140904287 7866
37693238 2167
152530892 8215
28472507 803
11614711 5
10696534 2136
4035919 5408
5178038 4649
6746986 6448
10013827 6393
1000000000 100
920000000 1
965000000 1
919000000 1
992000000 1
971000000 1
910000000 1
907000000 1
991000000 1
951000000 1
902000000 1
903000000 1
955000000 1
905000000 1
941000000 1
906000000 1
982000000 1
916000000 1
967000000 1
922000000 1
925000000 1
959000000 1
911000000 1
924000000 1
961000000 1
979000000 1
944000000 1
912000000 1
980000000 1
923000000 1
940000000 1
989000000 1
938000000 1
969000000 1
997000000 1
928000000 1
988000000 1
915000000 1
983000000 1
977000000 1
950000000 1
981000000 1
930000000 1
957000000 1
964000000 1
956000000 1
931000000 1
998000000 1
927000000 1
943000000 1
995000000 1
921000000 1
990000000 1
987000000 1
904000000 1
914000000 1
900000000 1
934000000 1
986000000 1
918000000 1
913000000 1
962000000 1
936000000 1
954000000 1
993000000 1
932000000 1
929000000 1
953000000 1
917000000 1
976000000 1
975000000 1
952000000 1
984000000 1
966000000 1
942000000 1
908000000 1
933000000 1
968000000 1
973000000 1
945000000 1
939000000 1
901000000 1
972000000 1
947000000 1
958000000 1
996000000 1
994000000 1
963000000 1
948000000 1
985000000 1
937000000 1
970000000 1
909000000 1
960000000 1
946000000 1
926000000 1
978000000 1
949000000 1
935000000 1
999000000 1
974000000 1
586849545 13
524960054 5213
232151958 9610
424908156 2596
305033479 8152
267476194 3042
181182045 6060
5890650 7885
391966384 9147
227266132 4844
142753456 1633
55259703 2556
252286696 29
317580084 1012
783628584 1
684256438 5065
901248038 15
612926487 2316
480260862 5805
575281846 4182
439024331 9894
353537685 1806
174120857 4892
145617407 1011
415884670 9078
584162505 8749
890487488 5356
478254571 8430
51769479 2603
699080225 1220
640344251 2444
629859771 8722
377869360 1
368055627 7903
885815341 30
408152393 1321
818167858 750
120536493 7398
74480035 4026
274926150 4119
836559729 8308
274588061 6476
735081768 3999
594915271 8462
177583245 5349
630352236 7769
649335471 4611
231937824 1758
112836222 2990
228698484 9311
645872426 5927
484138130 4897
79755440 2747
330590791 9157
488589828 6919
568499798 9693
444839666 5656
642329452 7831
351373093 9992
470675179 9634
294371445 5170
6677485 4017
868308636 3435
723942662 6024
695421294 8339
850860112 100
719375603 4109
204379737 7665
728965213 3239
616989514 9728
55627189 1623
679781414 9979
269618955 8689
416741064 2785
104898683 8643
49759497 277
790965657 4643
48352657 6971
399732027 1360
565496236 1599
758576629 7361
22904134 7208
595765240 1740
254844352 1213
650252383 3289
390133955 8447
528471835 4359
92405320 8667
333407765 6880
288283459 2995
634744019 3129
850173289 8349
343283653 9715
708974012 3801
842288235 3828
345272360 5926
594293044 379
255022137 7302
488722297 5443
131387558 2633
596738550 9228
330552478 7255
158306200 8069
636807972 8924
13494563 3518
438269948 6920
338975391 7965
327067612 3390
588782684 3193
754292085 6709
483069499 8656
341441387 6308
774928894 7171
778635881 1336
155723455 3536
518032494 2441
216640469 9338
115320796 2375
554641495 436
663890947 458
168223568 9432
290642649 8791
455377501 5990
163248754 9807
787072780 1737
220395088 3642
152898763 3678
91300901 20
337265769 8403
415188464 39
341300646 8966
463072115 7451
563020099 1927
209370108 4456
603325238 2364
378412217 5723
124965783 5305
424295963 6957
539405070 1977
177201227 7365
321403335 8885
627953716 6590
656332132 8646
338344666 5363
719086036 5535
420636830 1143
309588436 9239
77321152 1614
661775068 4608
635021190 4794
103394913 6964
387024162 1012
48267201 2769
682024178 3346
790247557 123
262831930 3195
164719482 8660
733129776 4971
680478489 4893
207459650 2077
382371622 1891
572293997 317
731079687 8716
464330705 1805
57696920 7911
605863939 3816
98623406 10
97492926 700
35087815 6441
26116738 3592
65448199 1170
94541112 1404
78859845 5431
69628622 4673
1744209 4253
25604014 2816
25591369 2222
618344419 45
579213074 5681
478518545 2534
206214861 5057
608553392 6380
562487639 4960
195245775 1351
492385054 1882
290043077 2175
301063306 5964
307066633 6006
125899846 5101
471685210 8855
481120580 1419
116459780 6139
519545110 7147
551522174 7344
505469640 5651
79072016 7240
393811926 7452
473759202 201
240885982 7214
48229385 7732
617081224 5110
354206380 9204
481871298 4301
398990461 1060
218332340 1717
88310958 5563
26920372 2723
111012436 7186
576712429 3564
129745322 5263
267094557 6857
457953090 3076
377076434 5393
605144977 8159
27742719 2498
35743022 9969
481351264 3071
421369678 2373
82390874 7144
148558572 7447
508270319 4868
345264113 8278
306659723 508
1000000000 1
999999999 10000
1000000000 100
907000000 10000
932000000 10000
910000000 10000
992000000 10000
906000000 10000
902000000 10000
934000000 10000
986000000 10000
937000000 10000
988000000 10000
974000000 10000
987000000 10000
938000000 10000
928000000 10000
918000000 10000
998000000 10000
959000000 10000
920000000 10000
919000000 10000
972000000 10000
903000000 10000
940000000 10000
939000000 10000
905000000 10000
985000000 10000
909000000 10000
901000000 10000
973000000 10000
935000000 10000
929000000 10000
943000000 10000
915000000 10000
996000000 10000
980000000 10000
912000000 10000
964000000 10000
936000000 10000
994000000 10000
976000000 10000
979000000 10000
982000000 10000
947000000 10000
933000000 10000
962000000 10000
945000000 10000
950000000 10000
958000000 10000
942000000 10000
977000000 10000
957000000 10000
954000000 10000
981000000 10000
983000000 10000
971000000 10000
949000000 10000
989000000 10000
930000000 10000
953000000 10000
970000000 10000
978000000 10000
927000000 10000
997000000 10000
946000000 10000
916000000 10000
921000000 10000
952000000 10000
908000000 10000
967000000 10000
922000000 10000
969000000 10000
926000000 10000
917000000 10000
913000000 10000
991000000 10000
951000000 10000
900000000 10000
966000000 10000
990000000 10000
956000000 10000
923000000 10000
924000000 10000
911000000 10000
955000000 10000
984000000 10000
914000000 10000
941000000 10000
975000000 10000
993000000 10000
931000000 10000
944000000 10000
963000000 10000
948000000 10000
960000000 10000
925000000 10000
999000000 10000
965000000 10000
904000000 10000
968000000 10000
995000000 10000
961000000 10000
1000000000 100
999999958 42
999999981 19
999999988 12
999999955 45
999999973 27
999999933 67
999999950 50
999999919 81
999999949 51
999999994 6
999999928 72
999999986 14
999999998 2
999999901 99
999999911 89
999999970 30
999999942 58
999999938 62
999999936 64
999999906 94
999999980 20
999999984 16
999999914 86
999999951 49
999999966 34
999999922 78
999999956 44
999999985 15
999999969 31
999999983 17
999999902 98
999999943 57
999999968 32
999999957 43
999999924 76
999999979 21
999999995 5
999999961 39
999999899 101
999999945 55
999999944 56
999999935 65
999999909 91
999999923 77
999999982 18
999999996 4
999999989 11
999999977 23
999999908 92
999999903 97
999999925 75
999999941 59
999999954 46
999999916 84
999999990 10
999999904 96
999999921 79
999999926 74
999999965 35
999999992 8
999999907 93
999999932 68
999999947 53
999999967 33
999999975 25
999999948 52
999999905 95
999999972 28
999999929 71
999999976 24
999999940 60
999999960 40
999999918 82
999999974 26
999999934 66
999999952 48
999999962 38
999999920 80
999999993 7
999999927 73
999999953 47
999999987 13
999999946 54
999999937 63
999999997 3
999999917 83
999999939 61
999999910 90
999999915 85
999999913 87
999999912 88
999999971 29
999999900 100
999999963 37
999999930 70
999999964 36
999999991 9
999999931 69
999999959 41
999999978 22
798188262 6
295899931 3034
561168255 6057
756708787 8159
640969352 3654
773528237 8265
156125461 9601
14722073 27
2536022 3840
3033834 2735
3526557 6182
6078356 160
5118259 6777
3647625 425
7342149 5566
9803810 7545
11323063 9178
5429445 2611
5568430 2596
9654775 4287
3696026 1655
7298615 5891
13368667 3660
5220057 2137
534183 9602
13010829 9102
4526559 4023
8837068 1622
5942897 6562
1046090 7531
5553684 7887
4540788 4872
9163513 6475
8529335 7429
5842954 6285
88223885 1
68533227 7285
102580753 100
56667115 5468
70291331 3465
23553617 8259
98591793 9183
5842851 9035
73909041 8654
54059305 6946
102216698 7332
78826700 1623
83104436 260
17892601 9050
100504272 260
14158701 8274
29970360 8509
47853375 9013
27458364 4552
40997455 4677
80605293 5624
87450675 4018
48885485 8820
41025068 4598
47114319 6666
94533455 4001
65916220 6348
90451907 6660
10316111 923
2817007 8085
21271849 9692
46317295 2563
96065397 858
38396081 4319
85577920 8742
460205 1354
48506618 4531
69118307 3235
4317956 2541
76981666 2074
40326871 5471
50348361 9937
59646026 7153
4051282 4040
5605293 3376
83399330 6684
14469355 413
28747208 1363
40846808 3283
89126015 7428
93792862 316
32846421 3815
8236309 3421
28004711 6280
19272 1872
54175447 8935
6511864 4008
21614834 5682
7349309 7443
53238279 5002
26211045 4713
45142416 8966
68237344 2436
80752924 2333
19024622 1851
39880960 340
15539698 614
55995617 9512
69544578 7191
76969012 5415
55801503 8058
22922162 2845
26727968 5608
80507527 3073
8553193 3707
62265999 3508
52156651 9849
79984468 8209
25442037 5468
76033455 5976
8756383 5066
88099 5153
73966167 1202
59223501 7769
31236601 2730
70747281 7158
94986291 7240
59544327 704
94892136 2451
78306262 4815
75364059 2510
2705565 6808
90412945 8507
77856399 1239
30267643 7536
57529347 2539
11791194 6123
61917381 4469
32013584 7078
101048683 2837
25637086 410
75779339 3842
97463367 1335
433676277 58
279693679 6897
397366473 6153
107386098 8907
386730740 5935
174758749 3024
134878555 4615
151004623 1822
412349360 4481
257561395 8131
200435221 2320
421038812 606
120266696 6146
8726560 1244
69432335 9398
290042973 1260
272707513 7342
176071009 8382
84890793 8421
18124283 9074
418508836 1563
101564611 3106
70080401 1104
251415577 3210
218258741 5732
169296736 1423
90662262 9368
126857824 5836
335267083 411
263172052 1543
4626324 3137
403592656 2714
304229694 977
323215006 860
181195757 738
334477330 7500
241468693 9232
173053008 6318
256681855 1036
150094071 9879
231500875 1716
2053041 2704
152312186 6101
23624026 7972
270776335 3528
151233821 6160
415508952 5754
382390386 9986
13208370 7944
35243366 8853
172353759 7865
104333131 6971
252394994 7054
348097391 1344
89083072 4401
267890298 8418
51464839 7234
359393074 3855
292143729 82
200000 100
8453 4
4829 10
3011 5
3189 2
4037 2
2449 3
4942 8
2565 5
9062 5
5944 3
4636 2
3446 4
8352 2
9128 3
2716 8
8632 3
5703 10
7485 6
559 4
9996 1
2488 4
8253 9
3327 7
6648 5
8659 10
6094 4
1196 10
8437 10
7704 9
5000 9
4487 3
7325 2
9145 5
9789 7
2492 6
2555 7
4837 10
1920 8
5281 8
1930 4
8677 2
3842 3
2933 7
5142 8
7034 10
1572 5
5607 6
5077 3
9082 8
928 3
9981 9
9912 10
4688 7
3080 4
1676 7
3029 6
8083 8
7550 6
4150 7
9788 10
4098 3
1563 2
2126 10
3217 7
1790 8
7637 3
7952 3
6179 2
7000 3
9186 5
5800 10
9337 3
6608 10
4080 4
4675 7
2812 6
9137 6
2706 3
1083 10
6273 3
2560 8
9072 2
2834 5
2882 7
2281 6
5801 3
6766 3
9995 7
9178 9
7661 5
6041 6
6185 10
2775 5
8680 4
6865 10
6562 2
8878 10
6506 7
3997 8
5827 5
767062026 15
211046132 6169
214459001 7944
9659349 5321
185252089 4721
267512246 1606
713538574 8670
588219526 9199
179975439 4817
517088392 3035
652330120 5864
103795825 8776
742329919 5311
630753194 7669
250646679 9617
122568682 4515
768236641 100
238710586 1238
205889834 6079
74118316 7492
372647883 8595
598702492 3886
544509601 6250
574211423 6689
373052951 4477
506591808 3228
704995182 4216
71620862 1007
305008955 1042
244265318 123
260506282 2480
53907969 5529
724504483 7336
437803554 5958
752885604 9452
487259341 8289
277432721 8765
53854797 8766
335653372 3810
602494179 9725
264528822 877
467048114 2947
457060736 7681
687390622 2737
692186352 7076
159877292 9293
601525157 1759
472453800 4575
89327305 2442
315801983 5555
267563978 2923
589840403 329
81879522 4628
18774282 6055
14933564 6170
505035907 618
567201584 2586
739870715 418
270383466 6453
402287413 9897
134513649 8692
593569992 7044
441833847 7159
79879299 4230
768011199 3609
656741164 1981
208667613 8229
97118085 9749
43949156 6680
138322531 5010
451467999 450
739862620 8829
373588389 8992
347982344 3066
441171881 675
185956447 2003
517467915 8117
691845725 7818
85312306 9308
505941768 10000
635049192 6325
208759021 1965
635283055 8578
310237002 3107
257476472 4059
373331810 9572
589074297 5853
462882948 4451
526054403 7300
144608379 5379
574813194 2263
346348152 3102
160879696 4787
317146625 5953
76179277 8431
605111193 3676
239315471 1114
494242237 7712
106584532 5087
299875417 5253
84681395 5401
190973307 3022
40983674 7564
81728594 16
24148800 1028
371650021 163
292264405 2028
78198450 7835
330529954 5986
143308172 9491
274097952 9568
181412984 9907
118407541 6958
538772399 6308
7081504 6166
75018127 6807
413449606 2184
1000000000 100
999999973 28
999999989 12
999999927 74
999999914 87
999999939 62
999999979 22
999999907 94
999999905 96
999999953 48
999999902 99
999999912 89
999999924 77
999999934 67
999999980 21
999999936 65
999999950 51
999999960 41
999999997 4
999999943 58
999999983 18
999999938 63
999999942 59
999999978 23
999999967 34
999999970 31
999999910 91
999999990 11
999999977 24
999999930 71
999999918 83
999999906 95
999999947 54
999999955 46
999999935 66
999999975 26
999999920 81
999999971 30
999999944 57
999999916 85
999999976 25
999999996 5
999999915 86
999999984 17
999999994 7
999999972 29
999999904 97
999999946 55
999999937 64
999999926 75
999999949 52
999999959 42
999999965 36
999999982 19
999999945 56
999999974 27
999999917 84
999999921 80
999999922 79
999999992 9
999999991 10
999999913 88
999999964 37
999999900 101
999999969 32
999999933 68
999999925 76
999999903 98
999999929 72
999999966 35
999999986 15
999999961 40
999999911 90
999999941 60
999999909 92
999999919 82
999999958 43
999999968 33
999999993 8
999999999 2
999999998 3
999999957 44
999999963 38
999999940 61
999999928 73
999999932 69
999999954 47
999999988 13
999999952 49
999999931 70
999999962 39
999999987 14
999999956 45
999999951 50
999999948 53
999999923 78
999999995 6
999999901 100
999999908 93
999999985 16
999999981 20
505879939 16
42801870 5842
329501605 3807
234492356 3739
252121790 951
125797653 4677
231702545 2705
34243059 3297
41832555 3699
80957044 3487
492208871 5102
456062468 4637
48587407 2816
315407755 9516
255058837 813
343484390 8498
191769813 3724
426498971 91
254460225 6774
52066172 2668
237367671 6970
254402005 7312
368426788 6451
86601140 8680
81993547 3236
354804598 2484
195093240 1467
266531883 2013
329188603 1008
315553763 3565
192222141 6080
199538570 7037
188394634 3649
376173965 4159
270798861 9897
82484629 590
399209987 1460
324115502 3937
96399670 3295
50913213 8003
34325167 1974
377511424 793
168657126 1941
77882803 2576
36987191 7914
310098186 4127
69219668 9397
409597195 7739
17444545 7754
172211693 3563
224046560 7416
83311354 2092
410073416 4181
223180846 3047
241436778 3641
204121990 5735
292218918 3855
400795943 1
371909290 9104
362590980 9959
208141993 9241
107286324 4784
118441574 6248
362918318 9111
364446611 9612
16880109 3648
333634934 8300
178541611 8088
187716604 3860
323529069 8063
59633966 2142
78294175 7755
223117154 6981
269251162 7913
254187427 1436
215986892 9240
406393894 9947
374433240 4166
163458 5350
183896748 9990
13372003 2206
101164449 9227
332519682 7237
367791602 6196
377193179 8088
399740752 7669
116415146 327
39414753 5828
420208959 9579
366620521 315
110217978 5835
11992205 1444
256129330 9715
384190502 458
180919363 1413
201567069 3674
152831715 3354
270177287 8164
294957802 9626
3566663 3979
365527484 2921
415120273 1579
363710571 4267
12304992 5713
309410956 2822
177883324 7542
335831494 8108
391450929 8915
408787569 8206
871896013 10
787219253 1107
566151428 9146
32432870 3788
66876439 9606
397586979 5583
835923937 7587
76888210 3935
17211164 2022
339676561 3963
465425869 1522
200000 100
8068 9
7931 7
681 6
6323 3
8659 3
7603 7
401 4
9913 1
5013 6
1673 7
4569 8
5180 7
6273 7
8516 5
7218 8
6905 2
7194 9
9543 7
8034 10
9643 8
6588 8
4281 8
2390 7
1775 7
5509 10
9480 4
718 5
2066 5
1114 5
2365 4
8881 7
2848 2
3821 8
6049 6
4675 3
9382 10
914 6
1500 2
5021 9
9117 10
4983 6
3369 8
8766 10
7819 4
8425 6
4035 10
2536 5
2003 3
7937 8
2925 6
2760 10
3027 3
6163 10
9374 8
3433 10
2163 10
9531 3
8715 6
305 6
2884 8
7477 9
4162 7
6302 8
6080 5
1881 3
3562 10
1714 4
1129 4
7991 7
6437 9
5000 9
5578 5
5712 5
4614 10
8216 2
4728 7
695 8
659 5
2263 8
8962 2
2761 2
584 5
1523 4
5856 6
9184 9
867 5
3222 10
1617 7
303 8
6489 4
3109 9
5109 6
479 9
3431 2
6745 7
9912 4
1248 5
1763 2
4473 9
6824 5
317299930 27
148615234 588
232345451 4264
205863890 7715
274037238 6733
79345141 4980
112415968 837
312515597 4010
211179943 8111
249150428 3428
58670470 8541
97131671 4096
225628573 3667
16081806 5652
172224932 12
165030916 5377
178817494 246
44911739 3180
179256768 1024
50216299 1872
167708664 9378
100467808 4435
151990624 6120
234083050 4235
292528259 2739
297984871 4142
146960968 61
221254046 5970
152534989 61
143672620 4663
68856282 5655
124079222 6813
107195098 8786
110107371 5255
122813295 4205
9324833 422
78852741 4169
145076639 7465
40537292 9961
106527513 9163
99908794 2842
88547505 2657
138450177 603
107583374 8741
127294825 3421
131412795 1924
99589340 5327
112575266 5503
87007890 1308
101299262 5701
52939961 8146
16555200 2715
67219930 7110
57957456 5539
118888426 1980
70803498 1619
89328887 7317
17360838 1338
143247005 115
39368526 2143
149077386 6986
121215537 6233
92934199 5997
19273284 6661
106227781 5028
22218529 1746
49218415 7932
113757322 4940
59990470 3672
32995723 1768
4290041 5534
34183323 1479
83037738 4641
14550077 5551
148233392 3745
34472755 3973
88842256 1939
50871750 3120
89031501 9696
74508561 2665
95974791 8180
9752465 8853
132906483 2500
12022724 7500
27267173 4270
65547176 3251
93845410 4835
62950901 9021
89144221 7696
71660220 3509
1000000000 100
12345613 65
12345581 97
12345640 38
12345657 21
12345582 96
12345647 31
12345577 101
12345587 91
12345646 32
12345661 17
12345674 4
12345594 84
12345622 56
12345592 86
12345630 48
12345610 68
12345604 74
12345675 3
12345672 6
12345597 81
12345614 64
12345629 49
12345673 5
12345599 79
12345654 24
12345612 66
12345608 70
12345641 37
12345621 57
12345644 34
12345649 29
12345593 85
12345611 67
12345602 76
12345648 30
12345638 40
12345616 62
12345619 59
12345666 12
12345591 87
12345668 10
12345603 75
12345663 15
12345625 53
12345584 94
12345580 98
12345632 46
12345624 54
12345635 43
12345598 80
12345623 55
12345653 25
12345617 61
12345609 69
12345588 90
12345656 22
12345605 73
12345637 41
12345669 9
12345665 13
12345671 7
12345662 16
12345664 14
12345626 52
12345585 93
12345601 77
12345583 95
12345645 33
12345586 92
12345642 36
12345659 19
12345633 45
12345627 51
12345579 99
12345636 42
12345643 35
12345578 100
12345600 78
12345618 60
12345670 8
12345660 18
12345634 44
12345658 20
12345631 47
12345606 72
12345589 89
12345615 63
12345639 39
12345595 83
12345667 11
12345596 82
12345628 50
12345650 28
12345676 2
12345590 88
12345655 23
12345607 71
12345620 58
12345651 27
12345652 26
200000 100
3235 5
8773 3
9648 10
6279 10
6540 3
9172 9
9118 5
5000 4
2736 4
7113 3
5461 9
4092 7
3981 9
5223 3
7886 5
9117 4
8382 9
7905 9
5746 8
4927 4
4977 10
4510 6
2250 10
8510 10
4717 10
9303 3
1853 4
7810 7
707 4
4971 8
740 7
5420 8
8276 3
366 10
6263 4
2278 9
3072 8
9939 10
7695 2
581 6
2911 8
5141 5
2515 10
8911 5
4440 7
3190 9
53 5
6923 9
2097 9
2805 4
1658 5
3238 7
4762 9
1983 4
2339 9
4259 10
1928 4
6836 10
1202 4
4338 7
5164 3
8531 8
207 2
1225 9
8421 6
1365 3
3033 8
6014 4
2997 5
5121 9
8940 10
3938 7
9203 5
5295 8
8049 8
5676 3
224 5
4482 2
3261 6
8451 8
6586 3
8210 2
4063 4
9421 3
8987 5
9025 9
7280 10
186 10
6342 3
6224 5
9940 1
2806 2
5428 5
5147 8
7771 10
8546 3
9364 10
6679 5
2642 7
8315 7
450689926 29
107548453 6305
303385621 5228
445187230 6047
357026360 1622
11254059 1998
173518450 2891
47466794 7216
426288846 3994
6846608 8341
404340447 1306
3800740 4748
104067822 7265
430873181 8757
216825113 5294
110374947 2539
203514181 7014
208087943 2641
354583867 7046
42914964 276
255691 3879
104622368 9983
308270990 2734
438946696 1574
271868134 2756
387629794 8531
365929278 6716
173529718 3209
10917124 9119
29691676 9379
878883537 56
749664304 7599
679408056 6162
454730189 7855
655849714 634
61140 1422
368145979 3079
159159581 3726
742826614 6043
56984336 904
20441800 7388
268313548 8080
142103184 4012
223209835 1889
824661342 5556
878655699 5003
681629325 5589
16188433 4276
576765796 2253
694259836 114
98002726 2273
208279363 5411
510064125 9074
677606026 8717
737402621 3816
802206487 4433
295543697 6120
508156076 6367
170105778 9175
659625010 8383
457475123 3732
742248032 9808
490705532 8440
92233024 6870
491995412 671
756725864 4682
689560672 2710
414243130 7986
681567391 1902
825047726 2193
95695365 5671
75957429 7283
504784546 9792
79541933 9978
655071014 3350
861962127 7113
784092343 2100
601409405 9385
635412681 2336
732789101 4181
521927858 681
629666017 1957
185758524 9351
394834941 733
832588587 8730
223362369 6791
343753037 3487
150051139 40
136900665 8156
48874549 6586
72356183 8930
3197444 222
63683166 2226
136846006 9430
99576671 598
52929304 7970
70633574 260
23875723 9729
19781550 948
105746076 8906
138466443 675
6999878 2140
37269572 4852
4572957 8334
52670077 5198
129629573 8688
26234329 4909
104500274 7922
28589153 2552
96296700 9459
78609808 6506
138679703 9551
61366519 498
148984680 1466
31981661 1674
117546121 6410
71521975 2181
79499837 6129
119326135 8728
82068655 2477
111616910 3126
108991230 1921
132167512 8570
105546194 9645
67178430 3719
129042666 2536
96813753 3091
13573058 1242
262412300 10
112899871 5750
179787396 323
45807135 6188
146152315 967
132355090 5386
204240965 5853
125715953 7605
180271367 9761
137376262 9166
35859337 6061
200000 100
8245 8
8271 2
9371 5
7558 5
2258 8
4916 2
6550 7
2252 2
4912 8
7794 8
7803 10
7651 10
3971 3
6616 5
9909 2
8724 5
5676 8
1620 5
7721 3
7325 2
3600 6
1544 3
3273 9
794 6
4225 5
4969 10
5775 2
7544 9
5915 6
6933 8
9277 7
4350 10
1374 7
4665 7
3357 2
3738 8
6398 9
8887 4
9099 10
6784 4
2311 9
6832 5
441 2
817 8
4597 7
5120 4
5319 3
5820 10
5788 3
7183 5
1711 9
595 5
4580 10
4670 2
6605 4
2328 6
5559 6
9393 7
5000 10
8698 4
8745 4
2095 9
2246 9
8395 6
4005 8
1147 4
7592 5
4183 5
1668 7
5125 10
1482 6
9183 5
1024 5
2165 7
8907 6
5655 10
9744 8
8884 9
2922 10
765 4
2648 6
5927 3
3444 7
7528 8
9910 1
5785 7
810 2
9723 4
514 5
6017 8
8166 7
737 9
3348 4
7545 5
6782 3
5764 5
5671 7
9522 4
8018 9
4589 10
384599446 33
325467107 5617
76842447 898
169564672 3175
21178600 8719
363022563 8076
111735385 156
87566779 6911
74632529 954
49712225 3143
2572144 7819
268758482 3473
297181929 1303
211312909 330
47054389 708
43951552 3745
290408685 6240
225939455 7905
198262834 5093
79179994 6291
193858286 8391
341998137 1242
323776366 1702
205175976 5227
371603695 4293
116414758 4608
309965869 9621
276714120 5025
307517128 5212
345001894 7563
249744213 6106
207443078 2738
162988477 9781
934959 2365
200000 100
8279 4
6643 10
1316 10
8545 7
2916 8
8298 6
8432 4
6817 7
9833 1
3869 6
5053 4
927 6
2558 3
9013 10
5173 3
9832 10
6701 3
6 8
6144 7
5399 10
487 7
4496 7
7423 2
8238 8
3588 9
6953 8
9793 8
6110 2
9367 8
8719 2
4376 10
1933 10
9828 8
1331 2
9354 10
2496 4
9487 2
4701 4
1617 10
4754 5
5020 4
1445 2
9174 10
5000 7
4875 5
6282 3
3925 9
9313 9
4844 9
4695 7
3583 7
4916 3
6049 10
1547 7
6594 9
4757 9
4226 10
7529 6
2995 9
4756 3
9286 2
6418 6
2170 2
9410 2
2357 6
3788 3
9777 9
5520 3
3944 4
2160 3
594 9
9246 4
5751 7
2921 7
3398 10
7757 10
9240 10
9542 8
8499 7
1476 7
7846 4
380 7
2592 5
7390 8
9342 6
9641 3
4457 7
9692 7
2720 4
840 6
573 5
4092 2
1219 3
4115 4
3090 9
7880 7
3999 3
5897 9
1698 10
4789 2
577557980 90
471120190 5955
21601525 8065
299581567 576
419939032 5965
375387494 6102
158122161 8119
213543662 590
527690865 2789
50091979 4611
27269045 7905
349706916 6438
505846791 6715
399172856 8568
237827124 6904
284718131 5131
56982027 6703
264879005 8222
35829299 739
121014853 4885
26118313 4730
472891797 7123
304828943 393
389398732 7161
275940392 9292
150068180 7190
162013575 5847
470619844 5577
122284143 821
428457882 6165
346477205 2448
503214169 2654
251241798 7632
270399007 1302
433110565 178
120448520 9775
523142141 3125
387600125 6288
225833161 8946
118091111 4036
504208512 5420
180337270 8638
440825998 7919
176410791 3567
117172272 3199
387833001 2401
62242844 87
349150322 9789
398622926 7290
123212370 7658
492512952 4930
544058585 8708
516635455 8242
341238785 6281
118789185 1162
297852394 9612
155658439 3936
542193741 9711
172630545 3358
521797996 7697
502828371 6859
120312386 5408
303201221 5990
453049155 136
101765179 3733
82841410 3854
77415266 8690
560782627 8962
372587905 9847
223867746 8807
166290286 1012
44940005 5066
407804825 8567
461424569 6842
355421125 6561
283854599 567
150276584 2840
415986825 685
318880081 6809
367120322 5905
363407811 7800
348915609 7278
573445230 1337
129855569 6501
243603219 6771
33008673 4202
402914076 9132
140831195 2837
269166808 3098
2789295 6030
249221707 1383
429113001 24
32898532 6996
428877347 3005
308847723 9844
85344814 4198
402108485 494
115224483 41
414526420 9056
191212890 981
18267246 8735
135620489 4966
104406202 523
98547856 9788
401092668 9411
273160011 5029
309003336 680
98393146 1310
106143713 8453
37826516 4809
101286214 24
116650476 161
336172510 130
307653268 8855
194119715 2691
155297587 7806
109140182 76
1708391 2499
50296871 8521
10235388 5027
33430818 8750
60242103 906
97326644 7315
2157023 4677
8583394 4582
45070861 204
17938402 6689
107483216 3563
62492265 2943
88687204 4003
55173850 4831
101063061 3971
63683275 5743
13343752 7607
100175006 6238
13224686 2109
51230625 2924
42449117 2732
99645460 977
1941017 2948
91441497 2379
21645857 7676
16604933 2802
2114117 9465
29557106 5466
50911429 5630
39980631 6372
26926782 5152
84416551 6348
85140772 109
13997071 8176
6443585 298
94778309 1472
31752129 1438
2402018 8421
87841828 948
104467288 9458
106076950 1294
86858809 3597
33782614 209
68548489 3204
70177448 979
50248256 3428
57895782 3612
30264344 6288
108963479 1421
105513823 9115
12466406 6443
72317614 2881
70833943 2071
39819959 717
8256923 6088
48803853 1495
83031085 7228
26179215 2677
73134225 4179
12040259 8442
104589457 4149
58053850 9881
80140683 1092
5633936 6214
43062598 7860
60437339 384
10411585 3292
62720910 4135
32369863 5205
20119051 514
15579359 5049
62937017 3234
51721936 9952
89445078 3776
74923357 4141
30223198 8753
200000 100
5239 6
9242 2
2485 5
1224 5
3759 2
1938 8
1233 4
3903 6
1874 2
5021 6
7113 3
4959 9
4882 6
7932 6
6754 10
3123 9
2061 5
2636 10
8310 2
922 2
1228 7
2616 3
3380 3
1962 2
6487 10
8766 10
4856 5
4361 4
1167 10
9609 4
5537 9
3111 9
9112 8
2107 9
6518 2
7678 5
2732 5
8141 7
1942 8
576 10
3311 10
9467 9
5329 5
2170 4
3340 7
9829 1
1073 8
7015 5
9042 4
9279 9
5208 7
678 6
2579 3
6412 5
6895 5
8419 2
5622 8
3664 3
2225 8
2132 8
9748 7
5392 8
4401 4
497 7
918 8
7246 5
853 6
4529 6
8364 2
1809 6
6927 10
2899 9
4327 3
4739 9
1543 10
1139 6
9828 5
7682 7
1602 6
93 5
5041 10
2903 2
4867 6
7846 2
7571 10
6849 5
8303 9
2718 10
628 9
3256 10
5898 6
2116 10
7957 2
5000 8
5301 4
5228 9
1489 7
7858 9
8088 7
4013 10
373822586 13
310090510 1966
242698752 2562
166295504 4633
172659951 427
156870205 5509
36657582 8462
47234290 322
268985203 3479
241617986 6205
37374058 3260
368086822 6467
178402998 695
64342529 4558
392091205 15
389996456 1378
361220903 4972
41493644 6976
346010116 5886
203828321 1454
106388305 9260
287422033 6458
140192393 9479
173938464 7598
177403411 5232
382073889 643
248958995 4656
129558714 8568
129342612 8768
193319183 8482
1000000000 1
1 1
935971694 16
781995886 549
116064423 1194
862912994 9107
658952328 1121
436108949 160
647337308 9257
906791671 4784
84009287 5423
156073372 503
920272026 7401
75044873 6147
862138003 9943
227051995 5314
622414577 220
503926448 6879
692253558 8190
807523568 100
760517785 4256
299385972 9237
49077254 8364
444374725 1068
192122958 3368
129746780 4193
224031069 6497
147864160 8902
730411385 2236
686346988 5837
300448261 1436
121534079 365
256888830 4494
453252144 8568
638542115 32
685391666 5569
106383634 889
657144379 8558
477542175 5117
434787429 7722
87636851 6945
291283207 8823
305222854 7318
377702046 1105
143897886 4392
101343344 8127
749194106 7804
357180316 7637
236934612 1137
591974105 2806
678082007 9556
254096807 6808
402454987 7469
678340429 3779
263889120 1585
802768937 603
657469287 4442
612272749 5183
487879498 11
283540874 702
302719749 7114
462961248 2540
502693855 6682
133986095 5595
105421995 7447
451415569 5688
193748668 5941
218514038 8580
483697291 5094
758432054 5528
592570994 5295
728864404 5837
429737019 507
457149654 7785
143821808 9913
248277975 1692
527747535 159
290370737 9393
799588528 748
391600801 354
88569383 8501
43609064 4078
545118398 8856
354784514 1017
69299825 3427
728091211 528
624135207 600
48595579 9139
220302746 4268
143972911 8551
342523866 4214
789882250 6724
538605672 7774
736469565 4218
546895234 7346
189436763 6462
597969087 5571
64331629 1232
508369866 5827
487463791 1687
452277709 2901
625344175 2716
164406227 731
584495122 9200
765153617 423
470879113 102
455963071 3340
116656221 5629
167259856 3992
26795015 6189
648225211 4949
544760697 4919
401636379 3488
754249301 8182
638680817 2133
354165937 4121
289888963 6418
207913638 2234
471115360 3372
50348476 1990
417415818 67
268688161 7160
276548381 7572
98116064 8491
114737808 2662
39278476 6747
149575462 7193
343800681 5303
387950275 4820
30578120 6542
165670443 2840
8372715 8168
409107644 6430
50205302 5612
344893321 59
219275894 6581
414027375 4175
275952842 6644
344422701 6889
133848223 4498
136943766 4614
21703688 6658
327682063 21
160471007 8487
355010339 9701
7833362 8440
66762726 3495
304611684 4068
397234591 9055
249441609 2857
228927990 9467
285767467 7508
7067254 203
340443541 9363
257595258 8681
342534003 6679
369131121 6009
376523842 8462
274944062 3131
287280480 3838
338644212 8469
376201524 7830
345463628 2032
337341379 2988
183428914 5551
369239845 8150
4057542 2530
164373946 5013
272244117 160
187424559 7063
62404692 1999
193289111 6755
269145102 1528
166750045 9446
114814615 4741
293208902 6704
188232075 8806
58449011 7027
271671781 5844
312608056 2493
205812690 3667
313120760 9400
339245681 2050
92568116 3536
298317071 9933
297677128 5214
98823213 1578
270147018 9671
580722071 82
337767666 3337
546274065 4921
459595669 1389
45558143 9620
412671035 3624
424447672 4734
193169398 8296
425352632 767
393061375 3133
61663692 2610
425266427 8918
438083183 1355
428586700 215
400692883 2693
292788187 6101
215016426 4729
519121172 3940
339065233 9989
506923270 778
148356856 3751
320618355 4425
546039656 4065
389338200 5480
311524161 6169
110137036 3098
163858624 6114
514774140 2215
314480697 3670
369057565 6521
415701131 3294
230166033 6247
469883283 365
323175527 1489
319346 7541
371828357 2910
578007621 5056
3034098 1101
193572991 3289
426950653 9138
162687593 3759
656249 7344
369882526 6930
73303879 9382
43408670 2945
502886408 8214
173498292 8921
544195358 6359
33668676 2039
370283337 6763
364128064 3263
284299334 6722
159023183 2789
453865916 10
518552482 7738
26657677 9948
79304373 2726
88525586 1959
479154971 7191
355579224 6464
109402718 3725
388633304 583
497088860 1378
130039274 7279
4775773 689
146430783 4924
565993606 4027
203625257 641
216367763 7842
254733563 2763
165320907 5531
553066883 8248
518505452 5551
451975871 1010
287944756 4610
359999724 4435
552836991 6102
580583531 5597
417371455 64
487904083 4950
342483522 4014
393906459 3928
137855299 3536
986132629 9
862973027 8738
492952941 7209
395698906 2123
819011516 3517
840377923 3890
688145949 3928
192629826 4699
17685423 6839
770019588 6415
892832212 34
801532452 2496
693359881 6939
513508300 9606
126379249 9320
745996402 7222
627870547 9418
435727348 1357
36095923 8361
292559377 1038
162353251 7456
220820124 5742
769667249 6422
680290828 8928
527447513 5215
803939836 8985
308951211 2952
579473502 2484
220811147 2102
753004172 807
332614779 1367
90312435 2276
327778476 2225
740030297 5025
116329139 2199
734361169 669
441950271 1425
122307290 5182
315796217 4088
436660453 9767
161061789 4236
673301755 8442
704418424 833
608619852 9321
380656309 1991
163565515 15
125572735 1281
98800800 8297
5609460 7058
150685212 5130
30686194 4056
54519053 2030
6130857 4173
31736258 4188
109446558 9568
34509000 258
26162858 9729
130820616 8649
44258288 2814
72012015 3149
70143046 6801
62799958 2
9917622 644
58067254 7916
382047958 17
77306654 6154
379740359 1941
321991249 5888
174105734 2862
202969866 6554
140666711 4200
183302383 9218
266775035 3334
339021209 5949
278982068 9582
214267320 5226
241785993 8280
337721374 2203
68170225 2558
157206100 6778
268678983 9627
6514374 6421
402891563 2
48170570 5215
387482779 5302
750264496 16
386271268 3849
331817274 4294
717927601 9417
426355450 317
722980901 1608
599495012 5852
349936113 1883
618010656 6709
496356949 9185
552493698 668
696717984 7695
150507219 9079
72578422 6983
269538615 3684
196292851 7614
568777943 1762
776253636 100
278380958 7020
286408047 7715
655124345 6893
214468311 7684
224106929 4094
294066938 8061
288019321 7881
562710738 1939
610512668 2864
2373195 385
703437015 2609
64686411 8186
221196458 5915
754860827 9087
298328009 8708
265617506 4248
17959150 4386
676944087 2495
483757458 8309
138518880 1585
651706821 6843
110860867 3087
517068014 4321
239697003 8952
82963322 964
202620010 964
50432705 8080
435556816 7001
155018268 5916
198695829 6656
521655634 9916
421836504 3455
355195627 1330
615805353 5663
299536898 1610
734663156 3384
342053386 7032
425104451 316
307674773 4253
123280563 979
258460731 4755
441432702 8870
57649043 9414
608332726 3138
703966952 5851
409979422 2925
275586249 7514
129703528 2665
293239184 4193
735603436 6867
638672755 2819
323968703 6320
396320930 5646
601564981 255
319295994 4640
642790957 202
503176262 3452
365334571 4925
573706779 6317
287050779 8912
662469298 9620
428777118 3463
205046251 9145
766829935 4530
167654104 6262
65221452 7904
453568872 905
510535627 2181
50391014 8435
344052550 8498
626308996 2105
157620837 9997
510887098 850
276027632 2586
151115307 3059
151465848 353
336095471 67
510338230 7159
618443631 9530
474158085 9943
82622422 4895
382384034 9572
698471394 4301
368270233 5317
413314418 6794
508521520 607
342280159 9679
772845126 4240
80937023 7709
655917917 6018
649507401 7500
591663911 8100
509092353 9080
688621896 6652
609528348 5999
408605486 2110
66279882 7941
235330009 1839
734394095 4468
522701168 7511
457230861 7
453512856 5003
454324897 6597
159175768 5562
381309120 2677
221664163 69
150171317 4699
402697278 8928
960376988 1000
466991065 714
183400293 5727
905731261 2744
659558292 7765
414055277 8097
912886354 4541
374684081 8567
556831228 757
355228191 4956
683022329 5753
877961138 7357
100127021 7507
564328094 707
228001806 9745
134032925 7913
361625435 8454
156864326 2696
872971712 2347
486734619 4579
798169446 2599
687393489 1729
900065827 9094
416715667 7295
878587926 5288
363694020 5007
52357077 9094
903493552 5258
740951843 1904
46111568 7433
849513102 2366
2320482 3605
905582233 2409
867265044 80
402152804 528
56980677 323
771149872 4415
45601421 2733
831857750 933
157009597 1241
732770295 2198
639930410 7229
308009270 4782
746264243 2213
271527778 4685
870549104 752
217684625 1106
793256027 9200
81432144 5920
789009359 8331
698892322 6867
705150327 8977
147856282 1095
44701096 7452
94897411 4784
162428782 4399
148931542 400
543476717 1364
207229183 2149
383850860 3626
603561280 4836
174545327 1998
747734773 2004
487687765 2984
937469159 1995
321845079 7672
813669753 902
543429587 5156
180299602 8819
714757920 1761
378476837 3470
91753280 3476
124316953 3839
868452906 6191
918177978 3614
741699698 4483
845066464 9539
794623055 7372
341814208 1043
81007527 3613
357506994 240
674827846 1005
8799822 4566
641066265 474
650821200 8712
784481572 1887
218503283 4169
198560541 841
674000571 9364
226731137 1900
281345734 765
775554751 9517
846034242 9121
8672468 8059
362347905 9690
542384673 8057
928045327 8485
348607342 8366
577464920 6402
921364558 6259
613902616 541
307579850 8891
19220347 8806
773684354 3398
752679094 6421
429576295 423
729302895 6877
248854545 7640
463224633 1092
869557443 3998
580559843 5128
97395587 5184
343370795 5643
186051308 4042
492381752 3837
545684466 2290
576804760 2875
414181148 3707
364425988 86
6178493 3840
29726951 7464
627715782 6300
443648903 8158
254993247 2932
233295718 5988
467162256 875
243783616 8545
705317471 9845
440756018 1574
484261575 8712
212128244 4012
453060414 2342
929189372 3501
242515117 4255
250326811 7804
806262369 788
362057813 1633
460988593 5302
563590810 5770
365729639 2939
736302874 4771
15516113 8957
352735389 6283
941665696 9493
298688827 7921
446138926 11
763737120 6725
889158040 7954
802010763 1781
60445442 7533
547591376 4273
485681512 3341
418572337 2256
618524218 8028
499674841 6953
645964781 3586
477694896 9081
94522124 3224
237793866 4262
764557907 1990
570465440 7653
20867578 6279
773926493 3672
79033630 8002
613902906 8071
80641112 1683
80376681 4064
314745713 6214
539890889 2898
713213646 1704
593374800 3868
383472107 13
263292697 4534
93032166 4661
897286514 6768
638811667 6719
459644991 5820
61525418 7804
112228597 8007
158532505 9365
765442210 2234
229009628 7483
793048450 1723
823803957 4083
860968591 7563
644929717 589
588532567 8835
381629207 4758
277844702 1959
472284655 1967
261203143 3135
69081397 7390
131864580 1845
833067292 8083
517946674 9821
336336757 9312
448332168 2493
826553798 4469
23941125 6397
745929022 3039
417408012 3909
758639624 1259
159689839 6577
889640586 3446
392689624 1889
286207797 4402
488684906 6509
188152447 6375
545209183 8524
329370978 3216
548582275 254
478332525 1147
144760631 2328
104148219 7568
137955684 8969
88451688 9271
768317316 8439
386630034 4610
865728172 6775
833361615 1294
51900857 7683
771677360 3720
852921633 1280
565856601 880
286319313 2643
827297920 5468
838843047 976
312020511 983
159985786 1666
321329476 8064
198578368 3491
811437833 5936
908353882 2278
864818229 1696
149677526 7808
45153119 1453
838750528 6467
317006905 4648
368063412 2528
948071580 9712
227890073 2546
15762464 744
145871246 6531
340219497 7946
694400649 3527
11664315 8569
383054980 7879
28782270 4281
50413510 9105
745651481 588
573469197 2390
87443603 2453
714157731 3869
306127930 8078
160025203 9370
746323208 8296
239798372 7144
388181273 1972
27332103 629
192001878 1888
895754284 4179
504694456 898
441435067 3325
194843949 2667
920857013 8621
73628082 6495
323393308 8246
501013990 3928
399962850 5878
285933355 321
26634477 9972
361002486 6599
1044979 4849
402930172 3276
141493240 2743
446916467 8591
850179863 6714
531128325 9901
911201132 4957
855599590 2219
245709743 1477
580040596 2461
205863335 5805
912262566 7057
633414735 7355
953779431 6655
681984573 5611
703187537 3014
372693961 2483
853146882 3057
922571374 9144
459808484 9067
814964922 9134
764111478 46
811893997 4678
899317428 7477
143599236 6591
420912510 3515
475964149 109
16803070 9211
427088299 380
230588114 2298
595116307 1395
430410548 5033
359959304 6915
599643085 9769
79725227 1878
81084191 242
335214148 3108
82217997 1607
45943205 1570
475612271 1186
146956997 3067
280974840 6282
49643789 1632
870535788 34
949989850 8863
602234383 1235
200451457 5900
922321323 5823
431417033 1336
438180885 6806
803446032 8173
49934634 8513
320571888 5515
440036494 6834
820725179 1714
437374288 6982
31895656 5827
30384622 2790
639609870 1747
53354938 6348
318197912 9011
735460891 4388
222486988 509
189320542 5002
69426290 9693
206955273 3805
913318981 40
788842149 2599
139178248 227
846531634 7217
658682799 915
919047104 4564
196444100 3682
941342506 1465
872024370 9665
668208905 2746
113539055 4294
893632130 5409
357621962 7675
55408771 9358
308206530 3644
939441708 7741
848129848 403
622680528 379
437407853 7548
874262630 2463
586257074 63
952480791 2464
52477472 3326
632894743 9757
20035598 9704
256979819 5199
765030288 1389
921108858 7909
110421948 5232
360640900 6675
470291172 2035
24560581 232
461619887 831
585251948 7021
228278342 7080
325446616 2735
499413618 2904
168463022 7302
887181859 9658
428675446 9676
449080534 5100
65770259 1092
875460156 4821
432264459 9047
313686425 2047
85548127 3824
708004757 2245
624940406 8359
690281464 2301
41532339 2141
135148806 8322
469637650 3185
909290989 8175
736841821 8771
804962921 6082
926120952 8541
186976022 9314
560991397 1574
896288935 2305
351925657 553
724648611 8862
934489659 3422
547254118 5623
232990282 9768
678924082 3942
531780195 6529
555478652 8670
471256554 1818
595647131 5264
368804143 5632
82820113 7909
343942728 4227
853232013 6077
410465702 1058
762902864 1455
419652233 5515
62611378 4169
636204845 5243
371923723 7732
138149583 2884
249714266 6756
827575775 5968
302159306 3215
898726969 1606
840029146 8840
953227725 2940
501881405 2804
424348011 5555
155426406 8507
706336426 5022
817925049 8909
151603937 7375
414961799 6723
382923401 1432
817394518 8115
441195615 1451
704161039 3312
627463414 2529
641219838 3633
23438221 9973
489979844 1120
309908200 1531
97236753 2257
100893205 4583
371732157 5717
24329679 8595
114658080 3965
718501804 5865
603205691 2343
714362910 7874
548709217 9705
662708744 8697
46214820 5292
942344957 6483
718570660 4049
731960232 8508
345157921 9952
807333916 5000
373442403 6616
152033153 5273
762557615 2718
950749179 2896
753246852 7602
236649093 9551
698996988 3273
876695031 3345
663663816 1345
534610565 2256
554429324 235
186234061 4815
241093433 6890
946303459 1954
840454108 8459
211929584 8167
630921168 5175
102516510 748
684212715 4106
222037771 7092
649223439 7037
698481959 7098
711503540 9040
218426987 5455
250035422 4328
424376743 2038
878730404 2509
396958523 1099
279599947 3590
897043893 2602
338832778 5848
359195871 5483
739524323 4137
676052504 9320
556573254 4550
70353250 5814
230413808 6242
227066212 5843
488297143 6183
204210947 3175
936773069 3398
303874701 8716
40854571 2703
471538815 170
144904325 6468
156219277 6767
64355812 7958
121842464 6904
239197199 1388
402331630 4973
476922972 8458
697245171 9282
169746334 6592
359978971 49
158259989 4943
899453270 8970
830800189 2349
821514808 5932
328924249 8108
111727115 8419
71046082 9073
20342242 563
951058254 9835
697691956 6095
681770325 1142
698524387 669
377533351 7765
112987476 2284
544675722 6513
289972758 8030
900401313 9344
123033199 297
940121392 9063
25075028 7074
211196678 1135
335887672 3335
680985663 2347
271722474 8440
226975295 5609
833609159 6775
860094860 3583
727052998 3250
635808192 8507
558718150 4228
934938055 4024
166157 4204
768547619 5983
904349975 9772
203921147 113
325703904 1005
137048251 8837
237841367 3593
381102121 2226
32812 5276
479175869 6123
70009865 5667
315079166 3474
317491431 1940
332808034 583
63793721 8201
673366834 6943
922209945 4913
309143962 5082
267849967 1487
632170577 269
118846 1350
504814483 9059
133002963 3428
712228686 710
722999386 5971
412418861 3606
931453357 9650
430115122 7236
71630683 6712
226775101 8811
715028309 5484
642601443 7779
687089820 1490
453149786 2491
10156432 161
596833674 1142
64358906 9213
916424007 8698
777493818 7902
651258674 4576
250621812 8151
549175250 9870
766881982 2372
864411229 1308
396923795 5459
87176627 7301
617646377 7084
267542601 9275
563469473 9228
358800153 6066
931125735 6967
538087648 2522
909433638 4409
233193794 4498
18640722 2936
299155798 9215
472035098 3859
742640057 7084
28511986 3102
921670811 3121
178527870 9175
350159037 3569
334822391 8610
284944608 4679
169512909 357
177147369 7072
200595376 1843
563284853 7918
118545649 1307
14388181 2761
53093642 139
579009354 8284
497172225 5628
381938352 4045
428270030 8929
374113102 9033
290735707 9022
366517219 7697
172746777 8436
55949712 7785
844836361 5631
917074641 7891
395522520 1016
141520536 1275
319475595 5017
129345194 8508
438689255 9283
149613885 5454
626159697 9144
723927743 9293
178692665 1300
271390542 3173
331934509 716
186831618 8065
723078735 890
235389932 3940
928328258 8102
126161379 945
307669400 9276
575343912 1869
67295280 1863
110559322 8702
311118969 175
739643946 7797
821900288 2208
828453747 2328
93447198 1863
686433433 9698
325612229 1371
177652198 5589
602719460 2167
705880268 2839
132650399 2291
180390331 8247
315963332 4743
440600543 5920
916966060 6577
341057425 2364
840266542 3922
96010330 3210
794130458 3350
938587597 1560
867375859 5303
575706352 949
896883507 6950
883232210 4663
540097950 1710
774438264 7046
381066919 3624
422791641 7581
301624570 2506
619926721 3374
751234066 9112
396043570 1151
294830170 2504
433645323 4446
303220102 3923
277402619 1157
390306909 6073
810075595 4028
40594465 8732
248731887 3184
914394025 6562
612794875 8753
633837347 800
921739260 5654
594266215 9339
825090772 9480
730779770 1608
879565702 2092
394822236 790
47282707 5415
217919877 6936
619810445 5052
690346630 9219
85823375 304
495801010 4
589834277 9216
641653529 576
136767838 9019
815121232 3385
690272452 2694
268963885 6852
93889116 534
295577527 2619
802680650 5433
118537270 2116
615207987 2491
682089169 1069
836885250 7390
479227064 6202
926074588 3171
340237723 4544
324617081 9380
91271785 5069
852155588 4940
489273331 2303
886101824 2500
953842418 8725
403718543 3570
496225189 4947
454978458 5097
44228893 3384
231817691 8985
272692823 4799
144039121 9880
741989832 6499
843184525 2530
298656457 1983
786874089 6644
796576344 1538
221592715 4664
772115354 6941
208589139 3253
179016867 8610
545639418 1680
947147356 542
436557119 9845
35943830 736
456589743 5020
550607324 7768
164168843 4063
903563654 4575
153484097 6568
281971186 1094
686327420 6878
558391702 7666
482086422 9008
378742090 6800
389476161 7777
564342095 8686
197256521 5557
567792269 6435
221318134 8373
918575083 4921
252698714 8345
754654421 3286
837883740 2482
15474140 7842
3206699 8826
194417114 466
533233526 8418
849461471 6294
552847214 2757
233270131 2109
745349039 481
539659642 1702
807148794 9514
672372369 1468
958442046 7320
933491375 7286
169645812 9176
353187985 3464
517587484 3228
552305496 5132
20123294 7839
785308901 7348
659367603 6941
531008950 4894
154726196 5628
956117783 8244
82400835 2527
52201139 1694
446048792 6743
720190545 715
508030690 6292
945629622 1351
873679006 6223
261862193 6239
404711171 2180
941915456 6473
884566693 5561
470087611 1932
504079648 7980
765911955 1771
732842751 4262
203767225 1430
498052723 8898
264859472 2435
92713554 8079
526372854 1432
176027724 7570
332556553 2205
495402221 6889
784401567 6869
320775049 5284
940500521 7102
1072428 6243
580246594 8524
893092821 5273
51799853 785
713182802 9576
856269892 4289
177744339 1610
553204329 2120
919598873 9975
618153445 4204
642049731 4993
522503974 1679
199067455 5483
548816144 8090
330835743 4523
26590083 3451
289622127 2435
281937552 8202
718251094 2949
475557546 2159
51194844 8269
778290159 2970
78574452 6593
435241417 3974
580941077 1255
558092351 4959
257770193 2580
49705762 8411
426880865 4108
576890545 2831
416474990 9826
636110333 6207
840473469 5695
606466905 682
33023372 6360
815061183 363
549097827 3333
225159031 3499
83976642 5418
265979859 2900
272319022 5095
957592450 6772
484124089 3811
30001207 6296
580974167 8932
598331541 3616
557320775 903
520440146 6644
10097481 4302
642494305 6005
25149816 4479
411477877 9416
412614596 8939
131236388 219
782077735 7041
908364923 2104
315048811 216
191608705 6589
352496037 4657
165070496 244
712274796 1119
421376090 7579
345633992 835
799258935 927
733218780 6455
324762547 2543
941810980 9411
497039776 1674
481028046 7275
458284964 2176
791609100 9058
208777440 9452
266099993 2251
530557347 4689
52695524 4474
716167717 8024
454965450 9617
309175079 2408
145001635 6622
84715412 206
6485578 6082
674884265 4131
616108685 5432
878774593 5007
755792126 6734
941158217 4980
411964112 6926
363855698 7881
834304961 7279
465022673 6040
502001273 2054
366958326 7305
688807975 7997
746650530 2917
661505836 6643
521605312 2491
465494848 6853
299409848 8243
718022596 4681
453061419 7278
323202196 4012
313675793 3853
868738368 2762
798087177 5726
640822950 1835
404203109 356
543251416 1575
600751902 6928
216393773 9534
129731442 693
193378936 881
418465292 886
197210547 95
66922597 623
809815854 2576
871067095 8840
324809046 6445
479431961 7055
98182148 6414
414398038 1811
114106268 9408
309478387 8541
142118312 9373
938650041 6769
194702381 6545
559094600 3133
849287390 6495
49646836 7109
841502482 9908
396595891 8797
159275942 9386
854983719 1018
721403530 3279
294492179 7859
194858086 465
491208360 1416
289844546 6205
12654422 6414
791691836 6157
568781287 1651
906803542 8314
635078551 1570
296105803 6504
116984292 4414
199995911 5223
846016073 2076
181582106 2140
443575817 2287
854965953 9827
62988653 4585
501510195 7598
22517605 8135
129847864 8850
854639104 3925
622970087 2983
579153818 606
43563561 3150
448679930 7576
669227096 1472
70629323 3779
216651183 3373
1273836 288
949899617 9521
894957696 893
526959393 8445
47299636 7403
113365165 6181
267238623 1332
424329866 5010
364030055 1949
275419 3793
735838259 5284
170084528 802
54120400 8887
98942308 8891
888640600 8297
849090091 2445
342652379 9844
802726967 1805
234003985 361
307397072 6854
555155861 726
439421103 1275
26923833 8711
879953929 8273
237375228 3400
668750704 8878
860052147 4272
272205514 6456
62228066 9960
38136476 424
362088130 4872
576271480 4983
653904031 43
428542097 4602
410593718 9342
76248959 8056
630472737 9990
81536665 7673
601480709 6575
155451253 2637
457839699 2679
553098644 5822
291430570 2184
121605853 9212
345333772 6756
489811374 9406
577485151 7601
574735230 5583
142325448 8364
459976087 4754
484193518 7165
398486757 1499
429967085 9258
52136526 5539
22796315 5788
445854266 4210
585230237 5138
229957364 6785
46413580 486
278293444 1421
203744333 4988
378845284 198
28605637 3370
598517374 9465
270845201 8357
551528489 8795
209336506 2840
549172 9800
233402201 3415
28790264 8955
23415450 1329
563130332 5402
479990159 9639
15479657 3967
22017148 4193
75903330 6019
739602462 55
694239708 6777
197277669 4536
668081148 1689
88016104 6034
146132211 4135
155805238 6163
202997900 2391
525601567 6283
20929534 6451
66456556 7917
298195180 5247
621513797 6990
31873290 2467
169259339 6994
27484958 7125
423137348 2899
558774588 6052
533399146 9563
540693533 8441
222495892 945
98706932 4405
528566555 6436
144314804 175
682311207 9880
410005636 7453
514967999 6721
243304297 987
221432908 4751
559101304 7888
351202836 3152
324400219 6267
401805883 9504
620983523 7292
507825212 7121
4074660 104
225558645 886
578441084 5205
480930850 8645
600263414 2363
629751244 6458
684810049 8544
110409536 2417
632881287 8541
433340993 9763
535661726 9420
639190136 7242
434810947 3712
309126896 9082
637674882 6158
462352758 5664
603799176 103
332747226 1282
189690611 4696
86459468 8296
102799388 67
610460204 21
534982356 4678
607112051 8256
521238350 9357
91873454 1714
347334587 6548
336327151 6651
523991752 9050
529898690 7460
371963939 9242
317743101 2510
596693488 8290
447550314 2544
190718756 842
421889057 3056
310311247 3874
596272750 7890
551329627 9900
460192358 7779
397306844 7084
541615577 5
139622526 7540
871303787 1
31513255 2396
210684744 1000
156755749 1202
73926286 8998
69011948 4099
53049766 795
137939814 2155
125306611 5763
78966349 1293
142062642 6406
66242361 8905
95885435 4990
208383328 7916
201960756 8652
33835272 2855
186227951 9634
118791233 5166
59599469 6215
33743319 4394
119287446 1910
33705077 9720
62574300 247
188644587 6166
86442584 384
76345559 8483
30284018 3804
50645257 1024
26296886 6917
147974659 9707
45711772 7236
10112184 45
127875460 7969
181219135 9201
210275042 794
60146827 8117
88554576 1315
28027377 6068
119316067 4233
194211091 3625
3648419 2451
18642076 5961
54997550 1111
137993769 1299
184569414 8314
13682557 6782
67829241 9380
147043469 4559
156970728 8942
94975926 2996
56767165 5656
102960779 265
209382205 679
42013274 7232
185563873 8097
25211326 7662
68151063 4385
198669481 8607
195188976 3760
180148218 2529
73974572 6812
180574758 3482
57998130 8090
121172088 8513
93285495 9326
198115787 4177
158437872 2194
35654185 621
17459534 5425
27405691 6165
205174274 8539
31941847 3421
116904878 2526
68012398 814
70769863 2625
32839357 8623
135090893 4459
84363900 6025
167458961 8206
68434643 2051
170150519 8100
75763693 1272
34130561 8831
37733654 2673
32011479 737
159460585 8301
53875003 812
110669808 4080
9366133 5952
147119084 5249
91309181 8380
95171633 2250
49316619 1044
204650552 3614
124291322 1026
141935907 9512
18126780 5234
61982616 2432
29030654 5658
150887721 2346
153510873 8776
36564963 750
52566392 6541
42612626 3796
3615944 4938
58269068 1622
142416104 6110
107627630 9012
145128169 8631
112279012 6209
90458601 8349
43672274 9037
128397329 8502
36906505 9969
1621097 4152
71077843 4200
158924370 8516
19160935 5769
56833601 461
168919507 5536
193561764 5307
85424683 579
69982771 1956
48064684 1225
14063597 6816
100162977 8900
203375575 3625
105352964 2165
116677708 4627
53678087 4173
118636884 8342
31820138 1036
119948548 7845
123838379 795
209448245 9862
119195785 4353
206521621 7403
7554978 4346
40760238 7314
116678214 6943
138311514 4656
106626841 9164
149222005 4902
202633074 2273
131866147 7572
71567217 897
52791822 1840
204857566 6246
106581766 150
104184514 674
97335928 8035
127280671 6844
83980695 8102
171456943 9368
114873318 3312
11218302 5983
191901095 1864
16344624 2370
94289810 2954
166649550 6138
91896502 4160
41351732 8895
17066619 5605
17491009 9527
17647311 2555
138297256 8635
64006439 7411
70480036 5514
58172825 8228
132294592 7030
83021023 5037
191346704 5911
83286333 7325
146514983 4390
64872818 4104
31643518 5251
143331167 98
102509624 7181
12871787 1303
126294990 5944
127086972 6371
1627655 8390
58126785 8327
172098837 9235
83989605 744
14470931 5770
122055845 9226
131637069 262
118059710 6029
142821070 9094
178730513 6714
179835299 4874
144172880 2456
144092689 1969
83179470 6798
200673251 4427
83581829 9556
43172288 4859
33403695 1672
199891377 7248
25203097 9379
118079332 8323
33766451 4695
92347528 8038
120511352 3400
6448877 9376
203343543 8795
64658041 2267
67907359 5540
126483261 3581
122201130 3057
67473708 9997
10177171 8661
68359793 7109
26653113 6702
56831843 9985
82699669 771
53558810 4766
112162306 5063
171077638 6462
5585476 5305
152217414 9758
47634166 886
121903267 2918
196197500 1802
179097905 8405
130899671 2817
31054488 2770
116537855 4446
152240231 1985
206641607 9070
417965 509
137952863 1560
60855405 5012
53171958 5216
132496875 1618
103888765 220
178194721 8361
127610515 1467
103764160 6363
52822840 2958
113005702 9231
197329173 516
71394159 6872
200041758 4177
119566272 2385
73006137 2391
150438315 2862
191679917 8347
108241359 4211
145307388 4382
150723907 2879
150318544 315
80853337 5692
61109780 2071
143371785 3487
8138330 727
13461142 297
136229682 7854
130148929 7736
200555428 8075
69947002 4754
22066859 215
96170869 9760
19260179 6544
63664255 3887
153767216 2977
15031384 9689
6619676 8377
100385545 5621
127906929 5518
123848283 5440
21861896 960
199265088 4035
148724743 2570
3767908 6375
83667297 3559
57491168 6756
185297544 3066
202187686 5462
166911655 8920
194249653 5332
22475741 6030
196052837 2539
18456936 8851
132639635 1135
85033587 807
85979825 7575
78157164 5552
110517335 3636
210541644 8828
79184639 4012
154549009 9802
82056246 2379
198975957 1440
104257808 4851
209646503 5123
132851939 8589
195183748 6376
52254108 253
156071942 1031
137998783 8609
178892772 9697
72833140 9172
133162432 3583
17255771 5566
49553889 1259
106250285 6152
12116397 7415
127623246 1006
181364322 6154
195227369 3492
207776172 7702
38020304 6543
137578302 1134
28741190 7792
4850380 4633
27284034 1748
84382928 6389
208635961 9283
47206404 3961
148365777 8286
136895184 8676
100692397 6072
78517552 7620
192695489 6289
28944315 3592
31223576 6382
189997879 8230
193594946 948
75962694 2775
84730987 4894
73336574 4856
62996364 6802
45281700 6922
125438632 7688
57542301 9314
57479357 566
106054746 6308
204271518 1775
198311134 4926
168616168 8930
205445835 808
46021278 9494
209264142 3287
182490194 1797
40066718 7872
52994926 8446
57402693 8514
154638089 8963
158352540 3016
19455919 4068
137403662 445
142556280 7575
203691129 516
198648711 4522
13497594 6772
109705348 6439
83653833 6574
134871158 6953
99414152 7262
70882817 2844
41074112 6269
48672958 2906
29441987 1917
8940242 2224
88284553 1445
137415562 9988
59943623 6833
135688041 4712
84772405 2942
11866164 206
54668867 9855
69442069 9404
1273708 8473
82362872 6671
130975178 9684
192213604 2087
98438277 2621
98532637 3282
108667488 3733
151576713 3534
33208201 7302
69938843 1764
133322069 4424
180366082 9926
188250721 729
147365796 2501
179561620 3805
152920180 5309
129385008 9264
202435510 2929
61811851 99
23236507 5120
49374756 6926
127739674 5920
106187472 934
127907558 7998
58496836 1877
205199162 7425
88361424 5098
36476203 2640
159781090 6981
51069158 9293
142901333 3696
176721286 6274
127397730 3076
103235288 8125
140973697 7961
175315635 2276
61066794 7709
137432817 9494
36684147 6263
198097631 6421
34479486 5228
22167331 852
128843134 4411
75698352 5292
182888193 3979
195487419 2806
149978534 7940
95414850 8557
3975627 8370
171343771 5901
107667057 8857
12527272 1689
75823493 7596
138774057 8248
137531518 40
199948535 296
70347488 6525
68355353 5762
32976130 9901
192926070 9178
68276834 5987
21924533 7034
105083452 8270
33266867 9519
125813427 2513
98688635 1176
123520342 4743
17514410 5799
162870089 8079
34092762 1158
95368074 2723
134435212 3518
81317483 4781
18922087 6760
117060707 6754
203537830 9889
138317562 9172
76691795 5331
117172674 5404
204601373 2406
178495517 7634
29442186 4675
78269887 9125
7590818 8743
117502837 2093
40047622 232
75273510 4894
92328355 8868
75562004 1917
194042580 2503
131216026 1244
107346182 987
17838079 2442
95925937 5145
40721389 4542
210582932 4997
96716219 411
179769188 2258
83260271 2602
115500632 3133
101140377 5395
188899324 4346
27322633 9336
68500347 9693
71133660 5709
155031463 7966
56227664 1104
105877766 8057
68373188 8971
103796885 9815
47216663 2319
103497251 1470
133143971 8433
197905601 6386
132251899 7337
86569670 2296
191862726 2186
97882949 4497
135304973 3876
109188826 8430
197903568 8900
22751487 1445
57903045 4605
11770739 3591
25282385 5674
100580011 2912
164496610 7389
159033794 7355
15691452 6439
35330557 819
6846392 2683
122164536 6411
8375490 293
109108374 7452
53145943 2203
83218853 7186
53470213 7226
132140949 3201
78189669 5070
129838005 9512
60781255 4747
209062817 7536
168447983 6824
41786571 4896
135462694 2095
51318947 3688
20154064 2136
104783016 4168
26179916 799
201058982 4557
81944326 8192
70745212 6856
182673577 7243
37054521 8991
97411919 2744
48468226 5427
52131333 5774
77518915 7407
203566839 7628
38255280 8016
135783886 3409
188952381 8775
106891100 2656
152248804 6013
32082048 4579
138746482 470
7627494 5864
84842634 1874
49289849 4678
188189718 6187
9782054 2100
43485777 7105
190032576 2210
44204989 5662
202342447 1352
174123039 7893
10143373 5523
176526936 704
72304321 256
4911541 6783
170374397 1602
207150422 1105
173765601 6036
73115370 9450
127618101 4326
166886253 4089
83838854 6111
173891146 6509
77833394 3749
145231234 5416
44733360 952
42717398 7711
169039142 9434
4117090 7838
203728251 2034
94262185 8807
52328131 9277
166584913 8288
165846356 6675
119120549 986
154323784 7195
126476521 4120
93353886 908
60276752 1298
63130878 7560
56596080 7276
135720214 1111
98002918 2853
58035016 3285
82908582 8622
89079445 1058
46165988 4073
202022728 3554
29367677 647
37507148 6414
42057549 5966
202665082 9902
187584026 2613
183776785 4267
96585369 4353
147659868 3063
32165880 3920
97919241 1716
146566515 8939
5269673 3578
34041514 6359
195360930 6769
42157622 5566
130875993 3857
1163320 5851
191958619 6604
124523745 8266
19172243 4056
58003413 2864
193200010 2585
89308625 4847
41370999 7648
150157245 4114
154140640 3712
18609315 7071
208283646 2050
164098020 4780
43401112 8900
88714346 8035
144907657 8581
162832178 3625
95814355 5471
133524065 4438
121686220 4160
164050308 4301
149720352 8061
125176669 7614
28943674 8569
60089950 8480
170337643 9474
156415697 5396
71236958 2429
162612028 2056
136250052 607
131398148 6263
131680062 5688
44409168 8177
62331816 97
175573017 516
196088865 4691
164233648 9215
19095468 8981
199926760 2515
123641604 3582
4771510 9995
47327882 4450
83296000 8927
23563415 5069
131251599 1297
162837173 8034
12212835 2890
61408249 1856
7775269 8381
106382765 4020
175123893 6506
175279465 4808
68480659 2769
109207532 1500
200358830 2727
107233250 3819
93621126 4649
56827311 6063
189582127 8339
154723092 1150
104378107 1308
12233670 9789
70704244 7904
209611638 8099
57061310 9069
198226814 8907
74262764 393
178857684 3882
41213127 1465
12562845 8196
145754009 4170
191960812 3255
113785465 7424
209500415 6604
112299444 7212
204320979 7389
68585127 311
64284916 1287
109199524 6536
184214007 4253
209350668 289
142914823 8232
147297028 9978
28507311 2983
85352593 4051
108949811 2313
164614300 9856
165139738 4551
53594420 8028
12925518 3591
176740627 1846
202071470 1158
153869909 4812
13019815 2117
205792986 5912
86365599 9699
78193609 224
196209786 3242
169612957 6911
84519417 8110
205827923 5400
52795893 2251
134971532 1398
151083752 4832
161476974 4195
154414913 9023
94218459 888
83547470 8968
164505238 6746
186544409 14
157910555 7418
51202118 8233
18482023 3033
73776623 6887
204250370 9898
106883126 4653
123855768 2975
128937968 3450
113306449 3802
202602443 2116
23707208 1085
80710316 177
179582719 6132
29482639 8643
113624296 1951
205007420 6944
2488231 5284
203309415 5867
209159798 764
140142601 6737
114930096 8884
208455904 9723
127464950 916
59699035 4118
168444572 8041
156977806 9681
47613031 5796
21369237 3743
48508047 9469
42047673 5082
127549573 2108
136645132 4484
6069260 6850
119592765 2709
23940185 3320
198838672 3219
20627429 3579
184533436 5216
200840796 6208
35430675 5744
199838609 918
41985058 4845
5206664 1477
118539131 5889
100908974 1128
123934113 8546
153087774 472
17464726 2734
31624202 7192
60583342 3540
136736397 8465
197585056 893
27551452 5792
203933638 5840
67773047 1716
137010880 3799
36809363 4235
21939867 6912
35963170 4155
51539066 8812
101457050 2489
167094266 8082
88509168 6207
72099409 5853
106939624 1905
15794130 1178
53000241 431
209658407 2891
140408344 8430
133021430 7349
30574380 3517
185146719 9313
196927569 5169
50537263 7447
19727770 8808
144819849 3188
177270969 103
15084810 7292
70799640 49
109657690 9496
168826591 3720
156148336 3551
181316459 6027
149883651 5424
59980275 3126
53565011 230
25505938 9727
59228813 3725
72720648 2640
199452859 6412
190328906 5880
204467851 33
51014055 9108
134473242 9769
141107548 2540
105219163 6817
191554757 4522
185140997 3785
178303128 7411
112931455 5998
108023811 7917
133560094 992
65007732 6619
113564616 9301
178296531 2860
114354696 4834
37350254 3448
140494049 1257
135477119 983
30598969 3390
13953582 9823
165810051 410
21383179 1383
172748207 2897
165460820 4445
204870802 8220
125070453 8864
67971619 3361
67080316 7346
135086251 813
80690746 3518
22951414 797
142343885 1028
164304095 2588
16886733 2762
89642374 6018
164599053 2348
92868499 9661
1958987 4938
34755697 245
105017766 898
28910505 7512
120294003 6787
15139138 2245
61232775 4147
136670233 3831
16109013 4828
174067128 5459
64081673 9386
192300413 2228
64677801 8912
126335659 2390
106477786 7510
5578398 7267
171615824 1593
104562594 4862
72138260 6954
110703429 9429
34890182 1643
156879392 2378
166327810 8794
119038950 2319
96709158 3503
142171319 3250
30094849 3942
56736477 801
195266955 2309
139595799 3670
80940044 792
4711008 2777
101510943 2253
206801176 2157
31295132 7414
194521731 7322
170215974 7868
15445154 6716
72231251 2453
184487914 2846
167269637 1190
94761450 364
107596908 8459
136884198 2047
141532610 6602
131263147 130
688077 8667
105973469 7286
202482092 2287
160222784 1260
199626118 6934
160153229 2931
203050514 3969
184668225 2384
17005136 5137
136310387 1494
63435557 2052
115228434 3922
127531189 4625
1504333 3568
107674800 5015
99469188 3113
125551316 9314
38153157 6731
16270598 9656
132806454 2077
92555111 1967
42817610 8372
115595912 29
102738946 4775
86110862 2810
31245781 5298
38066208 3049
41824957 5613
96588183 6869
117589015 6554
107419182 4484
205951451 7278
53591355 1579
632661 6658
15109812 741
32408433 2207
127170976 4164
22728888 5969
153497858 6328
176737409 8695
67122081 33
13050237 7859
48383343 5786
87636101 3178
11183708 4366
45180205 808
189311838 3548
58823 9346
21553475 933
42931401 3619
83578632 4483
75461848 2766
106086662 8264
60865656 7517
66685212 3436
182209046 529
152299519 4025
130709284 3430
92615082 6759
168165369 1174
200363722 1878
24752209 3633
105850176 7833
194621639 7170
120686596 528
16479540 9626
144712688 775
80119348 4329
157280489 1784
33346284 9737
13200335 9217
124719219 2667
80505514 1172
97879500 4662
107977131 5052
94430661 7627
22308546 9387
37655323 4253
110644699 6533
59651202 1545
17378411 3831
202479374 6227
117515177 9721
79658815 6110
112911376 348
157571142 4371
183922752 2777
63539676 1835
39381930 1535
101662681 4346
106635264 5363
184570721 5739
187067181 6331
38103446 9530
111549989 874
107960452 1000
94490838 2221
36002833 6636
186873942 7500
208244142 7855
120774432 9925
55188861 4450
136002159 3615
89392013 6902
9908486 2372
25820307 2775
29217827 4829
126158509 5612
157695894 5033
28235057 5424
4668927 8735
84903848 8755
88337151 7178
29875903 130
141803526 9994
179682211 2165
200000 1000
5165 9
4288 4
6436 10
5789 3
7893 10
2495 6
3184 10
5652 8
6395 6
6942 5
6101 5
8240 2
8144 5
50 5
3507 4
7562 9
4438 5
8286 9
8940 7
7673 5
4499 5
658 10
4683 10
9658 10
4150 9
8750 8
9401 7
9872 7
6356 5
8905 4
8838 9
8379 5
250 7
8139 9
8820 9
3055 7
8695 8
6612 9
9122 6
3348 4
4372 8
8018 7
4194 9
30 8
1019 2
2083 2
39 3
2230 8
8875 5
6725 4
1814 4
8493 8
7977 8
3660 8
6260 3
5513 8
8013 8
5922 5
4415 5
6590 4
1311 4
4564 7
8107 8
2402 10
5855 6
763 2
4618 6
4480 6
8711 3
8444 3
7685 5
4953 8
2954 7
9003 8
4487 6
8974 2
656 4
9974 7
2211 3
7663 4
6617 10
7993 4
5810 7
2147 10
4401 5
9915 5
5258 10
9750 9
9650 9
9098 7
1853 10
3930 3
1857 5
2069 8
2521 2
674 7
178 4
5191 10
7943 7
7419 3
7922 7
43 7
4315 9
7587 4
7429 10
8690 2
7720 8
6177 8
3680 5
9749 8
3175 4
6812 6
7803 9
2416 6
4430 4
1417 7
4602 2
4648 8
7241 3
2980 10
9440 6
7473 9
2216 5
3087 10
9048 9
3272 6
4142 8
12 3
6639 9
158 9
4044 2
7350 6
2366 2
641 2
7382 9
5459 2
5530 6
4827 5
1073 2
4459 6
8025 6
4508 7
6001 8
1272 8
5262 3
6555 3
1516 4
1934 2
9275 2
9640 2
1125 4
131 3
2493 9
6733 7
8060 9
8863 7
4362 3
2199 10
8716 3
8296 9
2172 3
7589 9
7059 7
8328 4
5336 2
9200 8
4119 3
5317 8
4977 8
8707 9
4945 6
7492 2
2542 6
6343 9
6995 6
6268 9
6248 8
4817 2
8127 10
842 5
6266 6
5465 5
5503 2
1816 8
5107 5
9107 5
2076 4
7158 10
941 5
4470 9
2837 6
1775 3
1345 8
594 4
2839 5
2897 10
4408 2
852 6
5574 7
1886 5
2007 10
6921 10
5543 2
4674 5
5046 9
1719 9
2701 3
1424 4
4105 8
9308 9
6650 4
5201 5
1515 5
8200 7
7608 7
3054 10
6259 3
3965 8
8305 3
5062 2
4552 2
6885 6
5696 9
3701 9
7119 2
1780 10
7016 5
8630 5
1885 8
6532 6
9145 4
1996 10
2097 8
4482 8
6375 7
364 3
3415 3
8534 7
318 3
2813 2
5129 2
8823 10
2861 10
9617 10
4304 6
839 2
732 3
8964 9
9069 6
2988 8
5943 8
7211 6
477 10
2845 8
7543 6
9336 2
2190 9
3734 3
155 6
245 10
1674 3
6840 6
241 4
5705 4
9248 3
9476 5
8397 10
2984 10
3975 9
9244 5
5921 7
102 7
7187 3
6057 2
1003 6
5934 8
9613 4
5305 3
3798 9
3413 5
7686 8
2706 9
2945 3
5805 3
4388 8
2989 9
2396 9
2089 8
9886 3
5673 5
3478 10
5045 4
1871 10
6278 4
4237 10
7042 4
2256 3
9411 10
2924 3
9119 4
8992 7
6247 6
5200 6
9808 5
768 5
9619 8
9935 8
3187 4
991 8
9294 10
3401 2
709 6
7831 7
4604 6
7779 3
9239 7
6596 2
1027 5
7795 2
6077 6
517 8
3837 9
6462 4
2852 9
4297 3
8284 3
7049 8
9052 7
6613 3
8454 2
7820 9
666 6
5050 4
7198 9
8102 6
9990 1
8264 10
9127 4
1044 6
1269 9
6194 2
787 2
4203 5
9056 4
1268 6
4755 7
9264 2
5613 9
313 5
779 2
103 9
3873 10
276 6
1362 3
3625 9
626 8
3027 7
1898 7
1257 10
7514 8
9565 9
3997 4
4409 10
7813 9
5860 2
5549 4
9917 8
3131 3
4049 4
723 7
3498 9
6275 9
6131 6
337 2
2474 7
4020 2
9001 6
569 10
8542 6
1440 10
4404 6
865 4
6445 6
544 4
2432 2
436 10
815 7
5644 5
2193 9
1094 5
3385 10
1229 6
7349 4
7317 2
9595 3
5856 4
6507 8
8523 2
6108 5
5056 9
7427 8
623 6
7088 5
198 9
5255 10
9354 4
7559 4
4658 8
4994 7
6282 3
8033 7
2342 8
1134 4
5288 4
8439 9
2399 4
71 7
953 7
2257 3
8185 5
6433 4
8553 3
8407 8
8365 7
8380 6
2255 5
2099 3
476 8
8330 6
6294 3
5986 9
4374 10
3755 3
2727 10
881 6
3724 2
5202 8
9865 3
2834 9
2884 4
2260 9
4358 7
1034 2
2616 8
9493 7
298 6
678 7
799 8
7214 9
6352 6
1002 7
7958 6
7676 4
3809 9
4988 7
9312 3
5280 7
5865 8
1952 5
3895 9
8381 5
6721 2
6660 6
1534 8
3276 9
4035 9
4551 4
3738 9
9402 7
1666 4
8822 7
7567 3
2535 7
8012 3
5809 10
9933 2
4195 6
3613 2
4633 10
8267 8
5080 10
2524 2
4295 2
8550 10
1232 9
4694 2
2882 3
5917 6
8187 2
1399 5
3259 5
6876 7
4586 3
6836 5
8530 3
6215 6
9071 8
810 5
5689 9
362 9
1727 2
2812 9
6787 4
4774 10
9859 7
4600 3
3855 3
6997 8
801 6
1443 7
7625 3
6428 6
8686 10
3032 10
9764 5
6723 10
9422 6
6155 2
98 3
9989 9
2387 4
7053 8
2276 6
7515 6
60 10
8132 10
6341 9
2064 8
9875 6
8210 6
1702 9
1505 9
234 3
4560 6
6058 6
9814 6
3948 2
1259 5
8762 9
7362 10
649 6
2053 8
1880 9
1947 9
6907 3
2623 4
4529 10
8623 6
9236 7
4008 7
2229 9
9495 3
5987 5
3078 2
550 9
8332 2
6886 10
2531 6
901 4
347 8
2251 4
2509 3
3307 10
2331 8
2742 6
6302 6
2994 7
8573 7
7381 6
2758 6
5721 10
6362 4
8258 8
703 10
5893 7
1668 4
8641 2
2708 3
3915 4
6469 5
4317 5
6328 8
5479 8
8879 4
3640 9
6662 7
1015 9
9077 10
7048 2
8608 4
4836 10
3182 6
6222 9
4367 10
229 5
5337 3
3373 6
6575 6
2575 6
9606 7
9929 4
725 2
379 2
3563 3
4823 5
816 6
2207 5
2842 5
5290 9
1318 7
1074 6
7075 2
8191 9
9515 6
7034 10
2009 6
4427 10
2605 6
6214 9
6046 3
5 6
4521 6
9817 9
3037 4
9302 5
963 10
1126 3
5221 9
6176 8
611 2
4520 7
4904 9
82 3
4828 9
1120 3
5259 7
8783 8
6531 5
1282 8
4732 2
6710 5
5517 8
7657 8
3579 5
8802 8
4062 7
6385 6
8301 6
6822 3
3772 3
976 10
8755 9
4262 7
7747 9
2719 10
3312 8
6298 9
2881 5
5669 2
5173 7
7371 2
2124 6
1849 5
74 9
792 9
6188 10
6182 3
1943 8
360 7
6360 8
6598 9
1054 10
9091 5
9902 2
4677 3
8562 2
2559 6
6218 10
3480 5
8884 4
3776 10
1307 9
3006 3
8577 6
3047 3
4623 7
305 8
227 6
7104 9
5218 3
3318 3
3749 10
2394 9
4280 4
7655 9
1360 3
8496 6
4695 8
7334 6
6007 5
7060 6
1136 2
4844 2
3038 4
6716 10
4818 7
8505 4
4902 8
2171 6
6154 7
503 7
2040 2
7402 10
4100 2
6435 8
524 7
2249 10
2015 7
3942 3
271 5
4230 7
3989 7
6837 10
2964 7
6143 6
6073 7
2990 7
7181 8
7583 9
4865 8
2380 9
3374 8
1218 3
3669 7
1321 3
6559 3
898 10
4760 2
9150 2
6455 10
4036 10
8030 7
2769 2
358 2
2907 3
5467 6
1165 9
8094 10
6718 7
3004 4
7888 7
8047 6
5976 9
5192 2
4587 4
4178 7
3829 7
4720 5
3482 8
6637 10
1998 3
5203 7
9132 3
1333 7
8276 9
8833 5
6846 10
8506 9
4653 9
5726 2
3485 5
129 6
1024 4
3839 2
7448 5
5585 2
2629 6
5749 5
83 10
9083 9
3937 3
65 5
7610 3
5198 6
3152 5
5006 9
3231 8
3667 7
59 4
3168 9
3645 9
7591 9
9894 7
1457 7
4185 5
2290 4
6217 9
9949 7
63 8
3808 5
2046 10
8249 6
3123 7
2517 4
2335 3
4321 10
1504 8
2028 9
8141 10
5988 9
3970 6
175 2
4245 7
8329 6
2857 8
2875 4
86 5
9188 3
6848 5
3806 5
5927 8
3248 10
4951 10
8883 3
2963 5
8411 7
730 5
5126 5
9293 3
2232 7
2549 5
785 6
7287 2
5663 3
6060 10
8338 3
7153 3
5000 10
9323 3
4319 7
4982 6
5727 2
4339 7
1817 9
1192 2
3285 4
7147 10
7228 4
3912 6
4670 3
9036 6
7755 8
1114 8
4344 10
4733 5
6820 9
2729 10
9850 10
9199 7
4098 8
9766 4
8901 2
7410 8
9226 2
9019 9
4099 10
5495 7
2460 6
1406 5
5915 2
4157 8
9791 7
4143 3
3335 4
4965 4
4266 2
145 4
4704 7
2016 10
7902 4
4689 3
6136 5
3713 7
9892 7
5092 6
6592 5
5277 4
3517 7
1756 7
3815 6
5949 5
4847 10
7600 9
9787 2
4599 2
2608 5
3143 5
72 10
9895 4
584 7
8138 3
3935 7
5058 10
5005 2
783 3
1247 8
4539 3
6137 6
6759 9
6432 7
5960 4
7699 5
935 4
9870 2
3514 6
5059 3
833 8
7995 7
9930 6
4238 7
5758 7
7889 6
6039 4
8776 3
1316 5
8947 10
6775 10
6737 6
3703 5
867 4
1717 7
9548 5
9637 6
9206 2
1161 3
9708 6
7263 6
1293 4
7302 2
7782 2
3936 5
13 9
1437 3
6465 8
3447 7
6563 3
5366 3
3922 9
6461 8
6774 6
2728 6
7794 4
4806 2
4030 10
5364 3
1675 4
191 7
3863 3
7280 5
528 8
3156 9
3417 2
1824 6
4314 3
1662 9
6279 10
6973 9
8781 9
4260 9
4357 9
4669 6
3099 9
391 4
1485 7
9427 2
5154 4
3262 7
7232 4
489 10
2745 8
1496 7
156 4
8155 9
1213 3
9588 4
5875 2
5806 10
7006 2
7007 6
1724 7
8981 10
8666 4
7518 8
3987 6
9169 2
9644 2
4568 9
141 5
6050 10
4054 8
