99
2525 1
2400 5
300 2
120 60
60 90
317562957 1
73181566 572
72430292 1
34425276 6137
974722916 1
79371385 5353
109155627 1
40380266 9005
662234826 1
399884576 3186
67592015 1
2631413 1781
304317433 1
300219492 4589
619949050 1
335425043 8185
823776613 1
450585395 2254
409144364 1
221160560 5698
785489842 1
448062438 2003
350200098 1
90013734 7093
543149409 1
417702622 6744
738777910 1
580350862 2044
351810355 1
141596488 8343
168853333 1
124422010 1810
1000000000 1
999999999 1
768025743 1
259006184 9791
943746323 1
6269644 7186
913511405 1
3237007 2887
591080555 1
508072612 519
132247644 1
69640113 7910
1000000000 2
998000000 1
999000000 1
91613089 1
72757069 1166
151736177 1
129568647 2412
406370247 1
208923810 7832
226197473 1
19116589 4237
162824778 1
11967781 5974
242989236 1
53802639 1858
151392706 1
142082060 2415
467990846 1
61965502 4146
425102468 1
137566177 400
1000000000 2
999000000 10000
998000000 10000
960981987 1
621247954 9870
889686876 1
576247166 6092
824966814 1
474049846 4551
498352619 1
69138276 1296
32908104 1
31313081 7985
200000 2
5000 2
5001 1
842364994 1
467722204 387
458030728 1
83164024 1882
943229991 1
251494745 9756
780805258 1
456488926 2148
272223478 1
199856669 8457
198992150 1
24931191 6741
260516709 1
194590947 2139
580086452 1
314029252 3028
111149065 1
46892942 2953
88035022 1
16951638 5668
489650222 1
120396895 4560
628332764 1
499018261 7124
688812226 1
52427381 3632
82426775 1
61154668 9818
1000000000 2
999999998 2
999999997 3
1000000000 2
999999999 2
999999998 3
2 1
1 10000
109276247 1
100399317 4276
442294295 1
247057609 4763
626619521 1
87383885 5599
902087547 1
883399490 1561
1000000000 1
999999999 10000
1000000000 1
1 1
2 1
1 1
518953046 1
366533322 5353
414743266 1
210731848 9488
1000000000 2
12345675 3
12345676 2
521529013 1
251715938 2010
287710601 1
202605700 3685
832758743 1
720712514 4763
249653446 1
64815458 5767
52759612 1
34676210 8580
1000000000 2
1 3
2 2
803951700 1
211410484 2464
427198841 1
127879075 9518
76929867 1
27547145 8477
1000000000 1
1 10000
979158536 1
765980828 9922
948471396 1
653301055 9422
316078413 2
102133155 1635
193474343 4386
390038494 1
208377529 7590
378972854 1
220455926 1997
780891660 1
74893825 4067
317978821 1
271973464 3619
1000000000 2
999999997 2
999999996 3
61499825 1
19291198 449
385173499 1
175957577 8358
1000000000 2
100 10000
200 10000
451545459 1
87287215 528
514898451 1
237520490 9980
449387016 1
233787583 158
446421843 1
277724570 5703
477241978 1
209402285 1486
930184265 1
732633496 1501
144791996 1
7246183 8105
924675149 1
639013567 2474
206912069 2
192436557 3282
89937922 6916
993803683 1
225096002 1255
