20
17 100
12 17 2
6 9 61
2 9 96
7 16 56
10 15 68
1 13 66
4 16 22
8 17 93
3 17 12
14 15 77
4 17 63
6 17 23
1 14 6
6 9 26
7 14 47
2 16 71
3 11 43
13 17 68
13 17 75
16 17 41
10 13 12
4 11 49
10 12 15
2 6 77
5 13 81
4 17 21
10 12 98
4 11 99
13 17 58
4 5 24
7 12 82
5 14 34
4 15 40
10 15 49
1 8 66
1 3 57
2 12 89
9 11 25
2 16 65
2 15 38
4 11 90
3 15 69
11 13 62
1 14 92
16 17 39
5 11 67
2 11 77
11 17 53
1 4 37
11 13 16
10 16 99
2 9 26
2 13 21
9 11 73
11 17 82
3 6 99
6 17 67
11 12 29
9 13 84
11 16 47
2 13 24
1 17 43
7 11 97
2 4 84
12 14 47
13 17 57
3 9 37
8 12 68
4 8 60
8 13 79
8 9 33
9 14 84
15 16 11
5 7 16
4 9 52
1 16 83
8 11 19
9 13 41
13 17 16
6 15 43
12 17 13
2 6 46
11 17 36
3 12 38
11 14 47
2 12 45
3 5 68
3 5 80
2 13 99
8 11 99
13 15 67
1 5 94
8 16 81
6 16 10
7 15 40
1 6 25
12 17 95
10 16 11
5 10 62
5 9 45
18 58
13 17 66
6 12 69
10 15 36
3 8 21
5 12 75
3 18 51
14 15 85
15 17 23
15 16 67
1 13 26
1 13 10
3 14 81
9 13 100
9 10 44
15 18 67
13 16 96
6 14 68
2 6 28
7 15 38
7 17 40
11 14 66
8 13 91
3 10 8
12 13 63
3 6 87
1 16 19
2 14 11
7 17 11
15 16 42
16 18 27
3 9 64
8 15 5
2 6 22
3 8 22
9 12 15
9 12 100
7 12 16
9 13 70
8 10 31
3 11 57
3 9 51
7 18 68
16 17 27
3 16 47
6 15 73
6 17 79
11 14 100
10 16 12
4 13 78
12 16 67
1 16 21
6 12 49
6 13 23
8 13 64
3 17 61
2 14 7
14 17 12
3 16 69
28 1
17 26 51
6 2
1 3 1
3 6 1
17 91
15 16 63
4 15 45
1 17 46
1 12 38
4 15 99
11 12 63
2 12 44
11 17 7
3 16 38
8 10 76
9 11 78
7 9 68
15 16 97
4 15 72
2 11 94
2 3 64
1 11 44
1 9 18
11 12 23
11 13 76
5 9 79
1 5 22
12 14 1
10 12 41
2 7 78
9 10 90
11 12 33
8 14 35
8 10 8
5 7 53
8 9 10
13 16 96
1 12 20
2 15 59
6 13 88
12 16 100
11 16 72
11 15 44
10 12 99
13 15 26
5 16 41
3 13 13
1 17 39
7 15 80
11 13 23
1 13 23
6 10 41
2 6 87
11 14 64
3 15 21
6 8 39
4 10 5
14 16 23
6 16 5
10 13 58
7 15 82
6 15 9
11 14 8
2 7 33
3 11 71
7 10 78
14 16 45
5 8 63
11 15 94
6 8 6
9 13 77
2 3 73
1 4 34
1 2 23
1 14 48
12 14 25
8 15 37
7 16 53
3 6 62
7 11 67
1 3 37
8 14 75
3 13 63
13 16 57
2 9 98
3 10 67
2 16 84
5 7 11
1 14 28
5 11 97
1 10 5
9 10 12
1 16 88
4 17 77
1 15 23
12 15 85
99 75
14 20 95
41 86 48
19 31 28
69 80 84
58 93 54
69 95 82
54 61 31
24 81 66
14 78 76
58 86 47
69 76 97
47 85 51
4 68 26
62 77 83
77 92 96
13 48 66
48 52 11
11 93 66
13 60 26
38 65 57
36 51 96
33 55 41
4 99 60
78 93 27
16 84 57
29 67 73
25 69 41
18 43 11
7 92 95
18 68 97
18 38 21
71 83 20
31 63 41
16 82 49
34 72 11
61 74 93
31 67 99
28 31 90
15 50 40
54 97 69
44 72 13
79 90 68
2 90 77
44 78 54
20 92 77
19 67 7
8 66 63
43 89 45
64 92 18
70 80 32
87 95 89
25 83 85
40 62 29
63 85 29
27 62 36
28 37 63
37 47 54
65 75 53
31 59 66
6 94 6
26 98 23
4 83 35
63 95 59
19 42 17
53 70 64
19 60 73
8 25 74
9 10 42
28 47 97
44 56 96
90 97 1
11 76 80
39 47 29
58 99 97
54 78 55
62 83
16 62 38
39 56 31
7 55 27
13 17 15
34 40 78
36 57 77
26 28 17
25 35 53
40 44 38
34 51 87
56 57 42
5 42 76
26 44 75
36 61 70
17 19 21
15 51 97
16 43 82
35 61 45
29 38 72
50 54 83
12 38 13
6 46 73
7 50 81
18 55 29
30 57 43
9 35 7
43 45 29
16 27 19
3 26 57
12 20 56
14 15 4
12 38 66
15 46 31
28 31 11
19 22 69
4 42 52
14 60 14
8 39 79
51 55 36
11 38 46
2 13 4
3 47 87
48 59 79
28 41 62
23 36 1
26 53 50
2 26 59
3 35 13
12 38 3
35 47 53
3 53 42
15 62 19
54 62 46
7 17 86
7 9 90
8 55 75
10 53 78
4 52 28
17 42 53
27 45 85
2 61 38
13 53 68
27 54 3
11 20 25
21 25 68
10 23 86
33 36 70
15 22 17
1 10 16
13 17 59
7 51 78
33 59 90
14 23 41
2 49 19
13 36 18
22 47 3
27 33 51
17 25 73
49 62 3
5 33 9
7 8 26
32 48 63
25 34 87
100 100
3 10 65
28 60 84
43 52 31
57 81 30
84 93 74
37 94 26
27 77 26
2 24 87
55 63 6
22 29 2
10 68 21
1 95 60
25 95 73
51 73 35
65 72 65
54 97 46
16 65 47
50 82 37
24 45 95
43 67 60
24 86 66
45 68 16
26 68 99
29 59 97
83 97 60
15 34 6
34 48 36
36 54 85
46 87 22
42 81 63
33 37 90
81 88 17
17 23 30
14 94 18
7 61 51
60 86 94
56 73 91
71 83 81
2 96 89
61 75 24
40 73 82
24 30 5
90 97 24
31 79 59
80 99 9
6 47 40
77 79 78
77 84 99
38 54 36
56 99 61
25 62 24
83 92 28
12 45 96
47 85 43
27 44 64
11 49 50
2 49 20
82 95 12
63 92 78
16 95 8
11 31 41
75 98 49
66 77 95
70 71 22
17 35 33
74 93 94
11 65 41
57 58 91
32 99 86
70 83 67
56 70 80
52 62 95
19 40 54
21 88 5
42 81 40
12 85 66
20 48 24
17 93 61
28 74 77
31 86 62
62 85 42
4 32 41
19 95 20
11 18 74
72 86 71
2 98 23
75 91 8
82 93 13
46 97 62
38 87 88
35 43 10
2 78 24
28 71 47
47 82 90
49 91 33
13 55 43
29 37 16
63 86 14
63 80 22
26 49 75
6 2
1 3 2
4 6 1
100 100
43 50 63
73 87 33
58 94 42
90 98 72
15 29 27
9 17 83
12 49 87
38 41 2
51 86 90
26 27 9
6 47 88
23 47 53
1 41 100
57 94 9
66 70 52
81 83 42
35 41 93
55 86 54
2 8 44
35 36 33
5 32 3
25 32 99
17 46 91
63 74 1
21 48 35
14 15 75
12 13 56
20 36 11
14 33 73
78 96 96
72 92 36
84 87 55
71 87 44
57 90 22
59 75 15
56 64 31
60 93 65
18 37 99
18 42 36
68 92 85
52 79 14
78 97 44
47 50 77
38 47 65
71 91 40
77 82 31
72 73 21
72 93 5
14 20 19
10 23 71
58 83 65
84 93 54
11 19 22
25 29 23
2 9 46
68 85 87
15 25 27
60 74 12
25 50 57
27 42 10
32 48 28
8 19 30
55 73 4
54 99 8
51 82 67
26 47 92
4 10 46
66 69 5
11 18 71
73 80 10
6 10 55
89 97 12
72 91 47
3 31 53
2 25 53
62 95 20
14 34 25
16 35 56
54 75 18
7 41 53
26 36 74
68 88 87
87 99 96
70 73 47
20 45 43
61 90 19
61 99 54
73 84 61
3 36 83
56 80 18
53 88 66
56 79 41
61 67 37
78 88 90
19 50 84
64 94 9
5 17 65
7 32 82
30 47 55
71 97 82
10 2
1 7 2
6 9 1
88 50
23 54 61
56 62 93
15 17 68
12 44 44
26 63 58
16 57 66
2 3 89
15 58 87
14 53 55
63 79 70
34 68 65
15 85 61
67 81 76
63 73 19
12 17 29
16 24 66
37 80 29
25 48 13
6 83 21
37 45 36
23 42 33
60 67 18
39 62 11
12 59 52
70 79 48
61 84 5
32 50 98
49 76 50
6 20 86
15 61 55
9 40 62
37 59 81
27 29 30
7 28 27
66 86 69
19 70 23
53 67 76
59 60 75
22 54 78
50 83 55
27 75 52
25 47 76
9 67 54
27 29 98
26 33 75
61 64 70
63 81 23
31 85 63
18 66 22
10 55 67
50 42
5 20 22
9 15 32
33 44 12
30 35 94
24 30 51
40 50 88
22 33 76
45 46 82
41 46 14
11 21 1
22 35 21
23 32 85
14 29 30
24 46 76
14 21 44
10 37 57
9 39 88
2 8 94
22 36 66
5 18 63
15 34 52
20 40 61
18 23 85
2 30 23
8 37 19
35 47 12
19 28 5
5 46 17
13 46 53
21 49 77
11 16 8
18 45 54
2 26 83
19 41 59
3 17 75
46 48 54
13 32 57
3 13 7
2 48 39
17 30 47
1 50 89
19 21 56
39 67
32 35 90
6 28 58
10 32 2
1 17 37
21 26 3
14 15 9
18 32 99
6 23 93
2 13 47
26 27 73
6 10 90
4 19 58
9 20 70
6 18 20
15 32 75
19 24 54
24 25 23
29 37 100
21 26 10
1 18 5
4 20 3
31 32 80
7 20 77
33 36 76
8 20 60
8 36 69
21 35 94
5 38 81
7 18 75
11 26 72
29 39 64
3 18 95
7 35 89
8 24 71
10 35 39
4 35 6
26 29 6
2 32 42
11 23 62
25 29 79
7 9 50
24 33 92
28 34 30
7 11 23
18 27 73
9 22 28
23 26 81
1 29 14
36 37 31
1 30 6
16 18 98
18 22 91
1 15 55
9 12 67
5 26 49
7 27 43
14 27 33
3 32 75
9 14 34
6 7 61
4 8 14
3 39 88
30 37 26
1 29 88
3 22 66
8 30 43
14 19 34
2 100
1 2 61
1 2 42
1 2 45
1 2 10
1 2 63
1 2 2
1 2 88
1 2 63
1 2 64
1 2 9
1 2 16
1 2 43
1 2 46
1 2 55
1 2 12
1 2 73
1 2 62
1 2 77
1 2 33
1 2 95
1 2 38
1 2 62
1 2 68
1 2 21
1 2 68
1 2 80
1 2 91
1 2 25
1 2 100
1 2 88
1 2 100
1 2 93
1 2 79
1 2 70
1 2 26
1 2 32
1 2 85
1 2 32
1 2 31
1 2 91
1 2 11
1 2 99
1 2 3
1 2 36
1 2 79
1 2 38
1 2 3
1 2 83
1 2 97
1 2 25
1 2 66
1 2 6
1 2 19
1 2 80
1 2 28
1 2 77
1 2 19
1 2 16
1 2 6
1 2 80
1 2 92
1 2 60
1 2 72
1 2 99
1 2 69
1 2 42
1 2 20
1 2 14
1 2 10
1 2 12
1 2 42
1 2 41
1 2 69
1 2 49
1 2 2
1 2 58
1 2 6
1 2 78
1 2 31
1 2 68
1 2 27
1 2 11
1 2 37
1 2 41
1 2 23
1 2 76
1 2 26
1 2 22
1 2 53
1 2 39
1 2 44
1 2 25
1 2 59
1 2 10
1 2 68
1 2 30
1 2 55
1 2 47
1 2 47
1 2 85
57 9
34 42 85
10 46 31
16 33 100
2 46 98
17 34 73
18 49 60
7 42 5
10 28 14
17 26 21
80 25
74 78 74
27 44 23
19 23 8
10 52 32
73 76 29
44 50 51
5 34 50
38 59 69
7 78 20
14 24 98
2 4 87
23 78 12
1 40 17
69 72 82
7 14 50
61 77 67
12 64 69
5 64 83
18 33 11
56 67 63
39 55 71
15 56 58
35 57 27
19 58 57
17 58 45
81 34
43 73 7
1 19 9
55 74 15
35 46 88
62 70 63
56 61 61
26 31 22
5 24 20
2 27 94
69 77 91
3 19 40
2 31 55
20 31 23
44 61 39
12 80 81
4 79 55
51 75 66
57 71 18
29 78 93
64 79 86
45 57 74
16 26 94
59 63 94
3 61 64
2 45 72
23 55 45
38 49 49
29 49 2
20 37 74
18 49 62
65 70 38
38 56 6
45 72 24
17 77 48
75 17
55 68 45
15 19 25
23 28 100
47 48 98
6 41 30
69 73 54
33 35 60
56 57 31
19 36 59
60 67 55
7 48 35
2 66 7
5 8 60
23 64 61
15 33 27
36 37 53
64 70 22
100 100
30 73 10
20 58 22
1 55 16
5 91 8
7 64 35
26 56 29
32 95 78
26 52 30
1 82 60
17 69 26
40 68 82
37 79 30
11 68 100
32 61 73
23 67 100
1 85 80
15 73 53
15 89 48
4 66 15
32 98 56
19 66 88
36 99 44
12 90 80
9 73 32
1 73 88
7 83 29
14 90 55
37 74 2
5 61 50
38 76 91
47 51 20
40 87 97
4 87 13
36 65 12
28 66 96
41 62 50
12 67 95
6 100 44
28 98 99
47 63 49
14 53 92
10 64 4
38 66 91
19 84 98
36 77 72
9 86 77
18 91 53
22 60 98
47 92 90
48 80 21
11 99 89
33 67 68
40 78 59
46 96 23
22 66 55
13 95 7
28 64 48
18 83 24
41 96 19
1 51 45
5 86 4
8 80 72
43 87 22
17 100 21
17 97 76
17 77 10
4 79 5
41 63 76
21 60 4
9 79 67
36 76 96
16 61 92
18 98 56
14 94 57
25 69 92
31 81 32
37 94 65
49 75 5
35 90 43
33 84 43
34 90 42
34 87 57
18 58 81
46 81 83
22 94 48
6 65 2
34 57 23
14 99 48
18 84 57
30 96 47
35 100 15
46 94 7
35 73 58
45 85 24
22 71 96
26 76 71
47 51 87
15 60 15
1 89 26
44 93 91
