100
4
100
2 2 1 1 0
2 2 1 3 0
1 2 1
1 2 1
2 3 0 2 1
3 1 0 2 1 3 0
4 2 1 4 0 1 0 3 0
1 3 0
3 1 0 3 0 4 0
3 2 1 3 0 4 0
2 1 0 3 0
1 1 0
1 2 1
1 3 0
1 2 1
3 3 0 1 0 2 1
4 2 1 1 0 4 0 3 0
3 3 0 4 0 2 1
1 1 0
3 1 0 4 0 2 1
3 3 0 4 0 2 1
2 1 0 4 0
1 1 0
2 2 1 4 0
2 1 0 4 0
1 3 0
1 2 1
1 1 0
2 2 1 3 0
1 2 1
3 4 0 3 0 1 0
1 2 1
2 1 0 3 0
1 3 0
4 3 0 2 1 4 0 1 0
1 2 1
1 3 0
1 1 0
1 3 0
1 2 1
1 1 0
1 2 1
2 2 1 3 0
3 2 1 1 0 3 0
4 4 0 2 1 1 0 3 0
3 1 0 2 1 3 0
1 4 0
3 2 1 4 0 1 0
1 3 0
1 4 0
2 3 0 2 1
4 4 0 2 1 3 0 1 0
1 2 1
2 1 0 4 0
3 2 1 1 0 4 0
1 2 1
4 1 0 2 1 4 0 3 0
1 2 1
1 4 0
4 3 0 1 0 4 0 2 1
2 2 1 4 0
1 1 0
1 4 0
2 2 1 1 0
4 4 0 3 0 2 1 1 0
1 4 0
1 2 1
3 2 1 3 0 1 0
1 2 1
1 3 0
4 3 0 2 1 1 0 4 0
2 4 0 2 1
1 2 1
1 3 0
1 2 1
1 2 1
2 2 1 4 0
2 3 0 4 0
1 3 0
2 4 0 3 0
3 1 0 4 0 3 0
1 1 0
1 1 0
2 4 0 2 1
1 3 0
1 3 0
1 3 0
1 3 0
2 2 1 4 0
1 4 0
3 4 0 3 0 1 0
1 4 0
3 3 0 4 0 2 1
1 2 1
4 2 1 3 0 4 0 1 0
1 3 0
1 1 0
2 3 0 4 0
4 2 1 3 0 4 0 1 0
1 1 0
2
2
1 2 0
1 2 1
9
41
1 3 0
4 7 1 6 0 1 0 2 0
1 7 1
3 3 0 7 1 2 0
1 9 0
1 9 0
5 3 0 4 0 2 0 5 0 7 1
2 3 0 8 0
9 5 0 7 1 1 0 2 0 6 0 3 0 9 0 4 0 8 0
5 1 0 7 1 6 0 8 0 5 0
1 3 0
8 3 0 7 1 4 0 6 0 8 0 1 0 9 0 2 0
7 3 0 4 0 1 0 7 1 9 0 2 0 8 0
1 9 0
4 3 0 2 0 1 0 4 0
3 8 0 9 0 6 0
2 8 0 5 0
5 1 0 7 1 8 0 3 0 6 0
2 2 0 7 1
4 6 0 3 0 1 0 7 1
4 1 0 4 0 3 0 6 0
1 6 0
4 6 0 1 0 7 1 2 0
6 9 0 3 0 6 0 8 0 1 0 7 1
1 1 0
4 4 0 8 0 2 0 6 0
3 6 0 2 0 1 0
3 6 0 3 0 1 0
2 8 0 9 0
7 4 0 5 0 1 0 7 1 6 0 9 0 2 0
1 4 0
2 8 0 9 0
8 7 1 5 0 3 0 1 0 9 0 8 0 4 0 6 0
1 9 0
4 7 1 2 0 1 0 8 0
4 5 0 9 0 6 0 4 0
8 4 0 2 0 6 0 9 0 1 0 5 0 7 1 3 0
1 7 1
8 7 1 5 0 3 0 9 0 1 0 2 0 8 0 4 0
1 1 0
9 8 0 7 1 1 0 6 0 5 0 2 0 4 0 3 0 9 0
6
32
1 3 0
1 3 0
1 3 0
1 3 0
1 2 0
1 5 0
1 3 0
1 3 0
2 1 0 5 0
1 3 0
6 5 0 4 0 1 0 2 0 6 0 3 1
1 3 0
1 3 0
1 3 0
1 3 0
1 3 0
1 3 0
1 3 0
6 1 0 6 0 5 0 3 1 2 0 4 0
2 2 0 5 0
1 3 0
1 2 0
1 3 0
1 3 0
1 3 0
1 3 0
4 6 0 5 0 4 0 2 0
1 3 1
1 3 0
4 4 0 5 0 6 0 3 1
1 3 0
1 3 0
5
6
5 5 1 2 0 1 0 3 0 4 0
5 3 0 1 1 5 0 2 0 4 0
5 3 0 2 1 4 0 1 0 5 0
5 1 1 5 0 4 0 2 0 3 0
5 2 0 4 1 3 0 5 0 1 0
5 4 1 5 0 3 0 2 0 1 0
1
3
1 1 1
1 1 1
1 1 1
3
35
2 2 1 3 0
1 1 0
3 1 0 2 1 3 0
2 3 0 2 1
1 3 0
1 3 0
2 2 1 3 0
2 3 0 1 0
2 2 1 1 0
3 2 1 3 0 1 0
1 2 1
1 2 1
1 3 0
3 1 0 2 1 3 0
2 2 1 3 0
1 1 0
1 3 0
2 2 1 3 0
3 3 0 2 1 1 0
1 2 1
1 1 0
3 2 1 1 0 3 0
2 1 0 2 1
2 1 0 3 0
3 1 0 2 1 3 0
2 1 0 2 1
2 2 1 3 0
1 3 0
2 2 1 1 0
3 1 0 3 0 2 1
1 1 0
1 1 0
1 3 0
2 2 1 3 0
1 3 0
6
53
3 1 0 2 0 6 1
1 1 0
3 6 1 1 0 2 0
3 1 0 3 0 6 1
1 1 0
1 5 1
2 6 1 3 0
2 1 0 4 1
1 4 1
1 2 0
1 2 0
3 5 1 2 0 3 0
3 5 1 3 0 1 0
1 5 1
4 3 0 5 1 2 0 1 0
1 4 1
4 3 0 4 1 1 0 2 0
3 2 0 6 1 1 0
1 6 1
2 4 1 1 0
3 4 1 1 0 3 0
1 5 1
2 5 1 1 0
2 3 0 1 0
4 3 0 6 1 1 0 2 0
1 4 1
2 3 0 6 1
3 1 0 6 1 2 0
4 6 1 3 0 1 0 2 0
1 6 1
3 4 1 2 0 1 0
2 4 1 2 0
1 3 0
3 3 0 5 1 2 0
1 3 0
4 2 0 3 0 6 1 1 0
3 2 0 4 1 1 0
1 1 0
3 5 1 2 0 3 0
2 2 0 1 0
3 3 0 2 0 4 1
2 2 0 6 1
2 2 0 5 1
2 5 1 1 0
1 4 1
1 6 1
2 2 0 4 1
1 6 1
1 5 1
4 2 0 5 1 3 0 1 0
1 1 0
3 6 1 1 0 3 0
4 1 0 5 1 2 0 3 0
2
2
2 1 0 2 1
2 1 0 2 0
5
14
1 4 0
1 1 1
2 1 1 5 0
1 3 1
2 5 0 3 1
2 3 1 4 0
1 2 0
1 4 0
3 2 0 1 1 4 0
3 4 0 1 1 5 0
3 2 0 3 1 4 0
4 2 0 4 0 3 1 5 0
3 2 0 3 1 4 0
3 1 1 2 0 5 0
2
2
1 2 0
1 2 0
2
2
1 1 0
2 2 0 1 0
9
34
3 7 1 6 0 3 0
2 8 0 2 0
2 3 0 5 1
1 2 1
5 4 0 5 0 9 0 8 0 7 0
2 8 1 7 0
5 7 0 8 0 2 0 1 0 4 0
3 9 1 3 0 6 0
2 9 0 1 0
6 8 0 1 0 5 0 7 0 9 0 4 0
2 5 0 1 0
2 2 0 8 0
1 7 1
5 4 0 8 0 2 0 7 0 1 0
1 5 0
2 9 0 2 0
2 2 0 8 0
2 1 1 7 0
2 1 0 2 1
1 4 0
1 7 0
2 8 0 5 0
1 7 1
1 4 1
1 4 1
1 4 0
3 5 1 6 0 3 0
4 5 1 4 0 1 0 7 0
3 1 0 2 0 9 1
5 7 0 5 0 2 0 8 0 4 0
1 7 0
2 2 0 5 0
1 9 0
1 2 1
9
11
3 8 0 4 0 3 0
1 9 0
1 9 0
1 1 0
1 9 1
3 4 0 1 0 9 1
1 9 0
2 1 0 2 0
8 1 0 7 0 2 0 3 0 9 1 5 0 8 0 4 0
4 9 1 4 0 6 0 2 0
9 6 0 9 1 4 0 1 0 3 0 7 0 8 0 2 0 5 0
2
2
2 2 0 1 1
1 1 0
9
97
5 2 0 4 0 3 1 6 0 7 0
3 9 0 4 0 6 0
4 4 0 9 0 5 1 2 0
5 4 0 7 0 6 0 2 0 3 1
5 4 0 2 0 3 1 7 0 9 0
3 3 1 9 0 6 0
2 7 0 6 0
3 9 0 6 0 1 1
2 6 0 1 1
2 6 0 5 1
6 7 0 2 0 9 0 6 0 5 1 4 0
1 6 0
3 6 0 4 0 3 1
4 2 0 4 0 7 0 1 1
4 6 0 2 0 4 0 7 0
1 6 0
3 2 0 9 0 1 1
4 9 0 7 0 8 1 6 0
1 2 0
1 5 1
1 6 0
1 9 0
1 2 0
1 7 0
1 6 0
2 3 1 7 0
5 4 0 6 0 7 0 8 1 2 0
1 8 1
2 2 0 9 0
2 2 0 3 1
1 4 0
3 9 0 3 1 4 0
4 3 1 6 0 9 0 2 0
4 7 0 9 0 4 0 8 1
1 7 0
5 6 0 7 0 1 1 9 0 2 0
1 8 1
1 8 1
1 3 1
4 6 0 2 0 8 1 7 0
1 9 0
1 1 1
3 5 1 2 0 7 0
2 2 0 8 1
4 9 0 5 1 6 0 7 0
4 7 0 4 0 1 1 9 0
2 8 0 3 1
1 1 1
3 3 1 9 0 2 0
6 2 0 6 0 1 1 4 0 9 0 7 0
1 7 0
3 2 0 7 0 4 0
4 7 0 1 1 6 0 9 0
6 9 0 5 1 6 0 4 0 7 0 2 0
6 6 0 9 0 5 1 4 0 2 0 7 0
3 6 0 7 0 5 1
1 1 1
1 6 0
4 7 0 4 0 5 1 6 0
2 4 0 8 1
5 2 0 1 1 9 0 7 0 6 0
2 9 0 8 1
2 7 0 6 0
4 7 0 3 1 9 0 6 0
4 4 0 6 0 7 0 8 1
5 2 0 5 1 7 0 9 0 4 0
2 5 1 4 0
5 6 0 7 0 4 0 2 0 1 1
2 9 0 5 1
1 5 1
1 9 0
1 4 0
1 8 1
5 6 0 5 1 4 0 2 0 7 0
6 7 0 9 0 6 0 4 0 2 0 1 1
3 7 0 4 0 1 1
1 1 1
3 4 0 6 0 8 1
4 7 0 6 0 9 0 8 1
1 9 0
1 6 0
2 1 1 9 0
3 6 0 8 1 4 0
1 1 1
3 5 1 6 0 2 0
3 6 0 9 0 3 1
2 9 0 5 1
6 9 0 6 0 4 0 2 0 7 0 5 1
2 7 0 6 0
1 5 1
2 6 0 7 0
1 6 0
5 9 0 7 0 5 1 4 0 2 0
5 5 1 7 0 4 0 9 0 6 0
5 6 0 3 1 4 0 7 0 2 0
1 2 0
2 8 1 4 0
2
2
1 1 1
1 2 0
2
2
1 2 0
2 2 0 1 1
7
24
5 4 0 7 0 5 1 1 0 3 0
1 3 0
2 2 0 3 0
1 5 1
1 7 0
3 5 1 1 0 3 0
5 5 1 7 0 2 0 1 0 4 0
1 1 0
1 6 1
1 4 0
5 7 0 4 0 3 0 6 1 1 0
4 6 1 4 0 3 0 7 0
3 2 0 7 0 1 0
3 3 0 6 1 7 0
1 6 1
1 1 0
5 7 0 4 0 5 1 3 0 1 0
2 2 0 4 0
5 4 0 7 0 5 1 3 0 1 0
3 7 0 1 0 6 1
2 1 0 4 0
1 7 0
1 5 1
4 2 0 3 0 4 0 6 1
9
78
6 6 1 9 0 4 0 3 0 7 0 2 0
2 6 1 8 0
2 3 0 1 0
3 4 0 2 0 1 0
6 9 0 4 0 7 0 5 1 3 0 1 0
5 9 0 6 1 7 0 1 0 3 0
3 3 0 8 1 1 0
3 1 0 9 0 8 1
5 9 0 1 0 4 0 3 0 5 1
4 4 0 8 1 1 0 2 0
4 2 0 3 0 7 0 9 0
3 2 0 8 1 4 0
7 4 0 9 0 3 0 7 0 1 0 6 1 2 0
5 3 0 5 1 2 0 7 0 4 0
7 2 0 1 0 9 0 4 0 3 0 7 0 5 1
3 2 0 4 0 1 0
1 9 0
4 3 0 9 0 1 0 5 1
3 7 0 8 1 9 0
2 9 0 8 1
7 4 0 1 0 9 0 8 1 3 0 7 0 2 0
1 8 1
7 3 0 9 0 4 0 7 0 2 0 6 1 1 0
4 3 0 2 0 7 0 6 1
3 2 0 7 0 8 1
2 2 0 4 0
1 1 0
2 5 1 7 0
2 8 1 1 0
2 9 0 5 1
2 7 0 3 0
1 2 0
5 6 1 3 0 7 0 9 0 2 0
3 3 0 7 0 6 1
3 3 0 1 0 5 1
1 4 0
1 9 0
1 3 0
2 5 1 1 0
3 2 0 6 1 4 0
3 5 1 2 0 3 0
4 2 0 7 0 8 1 3 0
3 9 0 3 0 8 1
2 2 0 3 0
4 2 0 3 0 6 1 7 0
4 5 1 9 0 4 0 2 0
1 9 0
1 4 0
5 9 0 2 0 6 1 1 0 7 0
2 1 0 5 1
1 8 1
2 6 1 9 0
2 4 0 1 0
3 9 0 4 0 8 1
1 1 0
1 2 0
2 2 0 8 1
7 3 0 6 1 7 0 1 0 4 0 2 0 9 0
1 5 1
2 7 0 8 1
1 3 0
4 7 0 4 0 3 0 8 1
2 3 0 1 0
4 7 0 3 0 9 0 8 1
2 6 1 7 0
3 9 0 7 0 3 0
4 3 0 7 0 8 1 4 0
2 4 0 5 1
1 7 0
2 5 1 4 0
1 8 1
6 7 0 2 0 4 0 9 0 5 1 1 0
4 8 1 9 0 3 0 2 0
5 3 0 6 1 2 0 9 0 1 0
1 2 0
2 3 0 9 0
4 4 0 8 1 1 0 2 0
3 9 0 3 0 4 0
3
44
1 1 1
1 3 0
3 1 1 3 0 2 0
2 1 1 2 0
2 1 1 2 0
1 1 1
1 3 0
3 1 1 2 0 3 0
1 1 1
3 3 0 1 1 2 0
1 1 1
1 3 0
1 2 0
1 1 1
1 2 0
1 1 1
1 1 1
2 2 0 3 0
1 2 0
1 2 0
1 2 0
1 2 0
1 1 1
3 3 0 1 1 2 0
2 2 0 1 1
1 1 1
1 3 0
1 2 0
1 2 0
1 3 0
2 3 0 1 1
3 3 0 1 1 2 0
1 2 0
1 1 1
1 1 1
3 3 0 2 0 1 1
2 1 1 3 0
1 3 0
1 1 1
1 1 1
2 3 0 1 1
1 3 0
1 3 0
2 3 0 2 0
1
2
1 1 1
1 1 0
3
59
1 1 0
3 2 0 3 0 1 1
1 1 1
1 1 1
1 1 1
2 1 1 2 0
3 1 1 2 0 3 0
2 2 0 3 0
1 1 0
1 3 0
2 2 0 1 1
1 1 0
1 2 0
1 1 1
1 1 0
1 2 0
1 3 0
1 1 0
1 1 1
1 1 0
1 1 1
2 2 0 1 1
1 1 1
1 2 0
3 2 0 1 1 3 0
1 2 0
1 1 1
2 1 1 3 0
1 1 1
1 1 0
1 1 1
1 3 0
1 1 0
3 2 0 1 1 3 0
2 3 0 2 0
1 1 0
2 3 0 1 1
1 2 0
1 1 0
1 1 1
1 1 0
3 1 1 3 0 2 0
1 1 0
1 1 0
1 1 0
1 1 0
1 1 0
1 3 0
1 1 0
2 1 1 3 0
1 2 0
1 1 1
2 2 0 3 0
1 1 0
1 1 0
2 1 1 2 0
1 1 1
2 3 0 1 1
1 1 0
4
15
1 1 0
2 2 0 1 0
2 4 1 2 0
3 1 0 2 0 4 1
2 4 1 1 0
1 4 1
1 3 1
1 4 1
2 2 0 1 0
1 3 1
1 3 1
3 1 0 4 1 2 0
1 3 1
2 3 1 4 0
3 3 1 2 0 1 0
7
30
2 3 0 7 0
2 6 0 2 0
1 1 0
2 2 0 1 0
2 4 0 3 0
1 5 1
3 7 0 4 0 3 0
2 7 0 5 1
2 3 0 1 0
5 2 0 1 0 4 0 3 0 5 1
1 5 1
1 5 1
6 6 0 4 0 2 0 1 0 5 1 3 0
3 3 0 1 0 2 0
1 2 0
3 1 0 2 0 3 0
3 4 0 2 0 6 0
3 7 0 3 0 2 0
2 7 0 3 0
1 1 0
1 4 0
1 7 0
2 5 1 4 0
2 6 0 3 0
1 4 0
2 5 1 4 0
2 5 1 2 0
2 2 0 1 0
7 4 0 6 0 1 0 7 0 3 0 2 0 5 1
1 3 0
5
53
1 3 1
1 2 1
1 5 1
3 3 0 5 0 2 0
2 4 0 1 0
1 3 1
2 1 0 5 1
2 2 0 3 0
1 5 1
1 5 1
1 3 1
2 3 0 2 0
3 2 1 1 0 4 0
1 2 1
2 2 1 1 0
2 4 0 2 1
2 2 1 1 0
2 1 0 5 1
1 2 0
1 2 0
1 3 1
1 3 0
1 2 0
2 4 0 5 1
1 2 0
3 1 0 4 0 2 1
2 5 1 1 0
2 1 0 5 1
3 1 0 5 1 4 0
2 2 1 4 0
2 1 0 2 1
1 3 0
2 1 0 4 0
2 4 0 5 1
2 3 1 1 0
1 2 0
2 5 0 2 0
1 3 1
2 3 1 4 0
1 2 1
3 5 1 4 0 1 0
2 5 0 3 0
1 3 1
1 3 1
2 5 0 3 0
2 3 0 5 0
1 1 0
1 3 1
1 5 0
1 3 1
3 4 0 2 1 1 0
2 4 0 3 1
3 4 0 1 0 2 1
2
2
1 2 1
2 2 1 1 0
2
2
1 2 0
1 2 1
2
2
2 2 0 1 1
2 1 1 2 0
5
6
2 4 0 1 1
1 2 0
1 1 1
4 1 1 3 0 4 0 5 0
2 3 0 1 1
4 1 1 5 0 4 0 3 0
2
2
2 2 0 1 0
1 1 0
6
17
1 4 0
2 1 0 6 1
1 5 0
1 2 0
1 4 0
1 1 0
5 4 0 1 0 5 0 2 0 6 1
2 1 0 3 0
1 4 0
3 6 1 4 0 1 0
6 2 0 5 0 1 0 6 1 3 0 4 0
1 6 1
5 5 0 4 0 2 0 1 0 3 0
2 5 0 1 0
1 2 0
2 1 0 3 0
1 2 0
10
21
2 4 0 8 1
1 1 1
1 8 1
1 10 1
4 4 0 2 0 6 1 7 0
1 1 1
3 4 0 2 0 1 1
2 1 0 3 1
2 2 0 10 1
3 7 0 2 0 9 1
3 4 0 1 1 2 0
1 6 1
1 9 1
1 5 1
1 1 1
2 6 0 9 1
3 7 0 6 1 4 0
2 5 0 6 1
3 4 0 10 1 7 0
4 9 1 7 0 2 0 4 0
5 1 1 6 0 10 0 5 0 8 0
2
2
1 1 0
2 2 1 1 0
4
10
1 2 0
1 3 1
1 1 0
1 1 0
1 3 1
1 4 0
2 2 0 3 1
2 2 0 4 0
3 3 1 1 0 2 0
1 2 0
2
2
1 1 1
1 2 0
9
19
3 6 0 1 0 7 0
2 8 1 3 0
4 1 0 2 0 6 0 8 1
2 7 0 4 1
6 2 0 6 0 1 0 7 0 3 1 5 0
1 8 1
2 2 0 4 1
1 9 0
2 2 0 6 0
5 9 0 3 1 6 0 1 0 5 0
1 3 1
1 6 0
1 4 1
4 1 0 6 0 8 1 5 0
1 3 1
4 5 0 3 1 2 0 9 0
3 6 0 9 0 2 0
3 6 0 9 0 3 1
4 9 0 3 1 6 0 5 0
6
9
3 2 0 5 0 6 0
1 5 0
3 2 0 6 0 5 0
1 2 0
2 5 0 6 0
3 5 0 6 0 2 1
2 6 0 5 0
1 5 1
1 6 1
6
13
2 5 0 4 0
4 6 0 4 0 5 0 3 1
1 3 1
4 2 1 4 0 1 0 6 0
4 4 0 1 0 6 0 2 1
1 1 0
1 2 1
2 5 0 3 1
1 4 0
2 5 0 1 0
1 2 1
1 4 0
1 3 1
3
33
1 1 0
1 1 0
3 2 1 1 0 3 0
3 3 0 1 0 2 1
3 3 0 1 0 2 1
1 3 0
1 1 0
1 3 0
1 2 1
1 2 1
1 3 0
1 3 0
1 2 1
3 3 0 2 1 1 0
1 3 0
1 1 0
1 3 0
1 2 1
2 3 0 2 1
1 2 1
1 3 0
1 3 0
2 1 0 3 0
1 1 0
1 3 0
1 3 0
1 1 0
1 3 0
1 2 1
1 2 1
1 1 0
2 1 0 3 0
2 1 0 3 0
2
2
1 1 0
1 1 0
5
53
2 1 0 5 0
1 1 0
1 4 1
4 2 0 5 0 3 0 4 1
1 4 1
2 3 0 2 0
2 4 1 3 0
3 1 0 3 0 2 0
2 5 0 3 0
2 5 0 4 1
2 3 0 2 0
1 1 0
1 3 0
5 3 0 4 1 5 0 2 0 1 0
1 5 0
2 5 0 4 1
1 1 0
2 4 1 2 0
3 1 0 2 0 3 0
1 3 0
3 5 0 3 0 1 0
1 5 0
2 3 0 5 0
5 5 0 1 0 4 1 3 0 2 0
4 3 0 1 0 2 0 4 1
1 3 0
3 5 0 3 0 4 1
2 2 0 3 0
1 5 0
1 2 0
3 4 1 1 0 3 0
1 2 0
1 5 0
4 4 1 2 0 1 0 3 0
2 4 1 3 0
5 3 0 4 1 2 0 5 0 1 0
4 5 0 1 0 3 0 4 1
1 2 0
4 3 0 2 0 1 0 4 1
4 1 0 4 1 3 0 5 0
4 1 0 3 0 4 1 5 0
2 3 0 4 1
5 2 0 1 0 3 0 4 1 5 0
4 5 0 2 0 1 0 3 0
1 3 0
5 2 0 3 0 4 1 5 0 1 0
1 4 1
1 1 0
2 2 0 5 0
5 4 1 5 0 3 0 2 0 1 0
3 4 1 5 0 3 0
4 3 0 4 1 2 0 1 0
3 2 0 4 1 5 0
2
2
1 2 1
1 1 1
10
10
4 6 0 5 0 9 0 7 1
10 6 0 1 0 5 0 3 0 7 0 2 0 10 0 4 0 8 1 9 0
3 6 0 5 0 9 1
7 5 0 4 0 2 1 3 0 9 0 6 0 7 0
5 3 1 5 0 7 0 9 0 6 0
1 6 1
9 5 0 9 0 7 0 6 0 2 0 1 1 3 0 4 0 10 0
6 3 0 6 0 9 0 4 1 5 0 7 0
2 6 0 5 1
8 6 0 7 0 2 0 10 1 9 0 3 0 4 0 5 0
4
7
1 1 0
2 4 0 2 1
1 2 1
3 2 1 1 0 3 0
4 2 1 3 0 4 0 1 0
1 2 1
1 1 0
6
49
1 5 0
1 4 0
2 1 0 6 0
5 3 0 5 1 4 0 6 0 1 0
2 4 0 1 0
6 1 0 6 0 3 0 4 0 5 1 2 0
3 5 1 1 0 2 0
5 6 0 3 0 4 0 5 1 2 0
2 6 0 3 0
2 6 0 4 0
1 6 0
5 1 0 6 0 3 0 5 1 2 0
1 5 1
2 6 0 3 0
1 2 0
2 2 0 1 0
2 5 1 6 0
1 5 0
5 4 0 3 0 2 0 5 1 6 0
1 5 0
1 5 0
1 1 0
2 6 0 5 1
4 6 0 4 0 3 0 5 1
2 4 0 6 0
1 5 0
1 5 1
1 5 0
1 5 0
1 5 0
2 3 0 2 0
4 4 0 5 1 2 0 6 0
1 3 0
2 6 0 5 1
1 5 0
1 5 0
1 5 0
1 5 0
1 6 0
2 3 0 1 0
1 5 0
1 5 0
5 4 0 3 0 6 0 1 0 5 1
2 4 0 5 1
1 2 0
1 6 0
1 5 0
4 4 0 5 1 6 0 1 0
5 3 0 1 0 6 0 2 0 4 0
2
2
1 1 0
1 2 0
10
9
1 2 0
1 2 0
6 5 0 10 0 8 0 4 0 1 0 6 0
1 2 0
6 10 0 2 1 3 0 8 0 5 0 7 0
6 7 0 5 0 6 0 1 0 8 0 9 0
1 2 1
1 2 0
1 4 0
3
55
1 2 0
3 2 0 1 0 3 1
1 3 1
3 2 0 3 1 1 0
2 1 0 2 0
1 1 0
1 2 0
1 1 0
1 3 1
3 3 1 2 0 1 0
2 2 0 1 0
2 2 0 3 1
3 3 1 1 0 2 0
1 2 0
1 2 0
3 1 0 3 1 2 0
1 3 1
1 1 0
3 3 1 1 0 2 0
3 1 0 3 1 2 0
1 3 1
1 1 0
3 1 0 2 0 3 1
1 2 0
2 1 0 3 1
1 1 0
1 1 0
1 3 1
1 3 1
1 3 1
2 1 0 2 0
1 2 0
1 2 0
1 3 1
2 1 0 2 0
3 1 0 2 0 3 1
2 3 1 2 0
2 3 1 1 0
1 2 0
1 2 0
2 1 0 3 1
2 2 0 3 1
1 2 0
2 3 1 2 0
1 1 0
1 3 1
1 3 1
2 1 0 2 0
2 2 0 1 0
1 1 0
1 2 0
2 2 0 3 1
1 2 0
1 3 1
1 1 0
5
35
1 2 0
2 5 1 2 0
2 5 1 4 0
2 2 0 4 0
3 2 0 4 0 1 0
4 2 0 4 0 1 0 5 1
1 1 0
3 4 0 5 1 2 0
1 5 1
1 1 0
3 1 0 5 1 4 0
2 2 0 3 1
1 2 0
1 5 1
4 2 0 4 0 5 1 1 0
3 5 1 1 0 4 0
1 1 0
1 3 1
1 2 0
3 4 0 3 1 1 0
4 1 0 2 0 3 1 4 0
2 1 0 3 1
1 3 1
1 2 0
1 3 1
2 1 0 4 0
1 4 0
2 2 0 1 0
1 4 0
1 3 1
4 5 1 1 0 4 0 2 0
1 2 0
1 5 1
1 3 1
3 3 1 1 0 2 0
3
13
1 2 0
1 3 1
2 3 1 2 0
2 3 1 2 0
1 3 1
1 3 1
1 3 1
1 3 1
1 1 0
1 3 1
1 1 0
1 1 0
1 3 1
3
32
1 2 0
1 3 0
1 2 0
1 2 0
1 3 0
1 2 0
1 2 0
1 2 0
1 3 0
1 2 1
1 2 1
1 2 0
3 2 1 3 0 1 0
1 2 0
1 2 0
1 2 0
1 1 0
1 3 0
1 2 0
1 3 0
1 2 0
1 2 0
1 2 0
1 2 0
1 2 0
1 2 0
1 2 0
1 2 0
1 2 0
1 1 0
1 2 0
1 2 1
10
37
2 1 0 2 0
2 7 1 10 0
8 5 0 3 0 7 0 1 0 10 0 4 0 2 0 6 0
1 2 0
1 2 1
1 9 0
1 1 0
1 5 1
6 10 0 3 0 4 0 6 0 2 0 1 0
1 7 0
3 7 0 2 0 10 0
1 7 0
2 2 0 1 0
1 10 0
3 4 0 10 0 3 0
6 1 0 7 0 10 0 2 0 4 0 6 0
7 10 0 7 0 4 0 2 0 1 0 5 0 3 0
3 5 0 6 0 4 0
2 7 0 4 0
8 5 0 4 0 1 0 10 0 2 0 3 0 7 0 6 0
2 5 0 1 0
2 6 1 3 0
3 4 1 10 0 5 0
6 2 0 4 0 1 0 10 0 7 0 5 0
2 9 0 1 1
1 10 1
5 7 0 10 0 5 0 1 0 2 0
6 10 0 1 0 4 0 5 0 2 0 3 0
3 3 0 4 0 2 0
2 6 0 2 0
1 5 1
1 3 1
1 5 1
1 3 1
6 1 0 3 0 6 0 7 0 4 0 2 0
1 10 0
5 5 0 6 0 1 1 3 0 10 0
9
78
3 4 0 1 0 2 0
5 6 0 2 0 7 0 3 1 5 0
4 8 0 3 1 2 0 1 0
1 9 1
5 8 0 1 0 6 0 3 1 7 0
5 6 0 8 0 7 0 4 0 3 1
1 2 0
2 4 0 9 1
3 3 1 6 0 5 0
2 2 0 7 0
1 8 0
7 3 1 1 0 5 0 6 0 4 0 7 0 2 0
4 9 1 5 0 1 0 7 0
2 4 0 3 1
1 8 0
4 6 0 4 0 5 0 2 0
7 3 1 5 0 2 0 6 0 1 0 4 0 7 0
5 4 0 9 1 2 0 7 0 6 0
8 1 0 4 0 7 0 5 0 3 1 6 0 8 0 2 0
1 6 0
3 9 1 4 0 2 0
6 9 1 4 0 6 0 7 0 5 0 1 0
1 3 1
2 3 0 9 1
3 6 0 4 0 8 0
5 8 0 7 0 6 0 1 0 9 1
1 4 0
3 1 0 8 0 2 0
8 9 1 1 0 6 0 2 0 5 0 4 0 7 0 8 0
4 8 0 6 0 3 1 1 0
8 4 0 2 0 8 0 7 0 6 0 5 0 3 1 1 0
1 3 1
5 8 0 9 1 6 0 5 0 7 0
4 4 0 9 1 5 0 2 0
3 6 0 8 0 9 1
4 3 1 8 0 4 0 7 0
8 8 0 6 0 4 0 1 0 7 0 5 0 9 1 2 0
7 5 0 6 0 1 0 3 1 4 0 8 0 2 0
8 1 0 5 0 8 0 3 1 4 0 2 0 6 0 7 0
4 4 0 9 1 5 0 8 0
4 1 0 6 0 4 0 5 0
4 9 1 1 0 7 0 6 0
2 5 0 4 0
2 4 0 8 0
3 6 0 8 0 3 1
3 2 0 4 0 6 0
8 7 0 5 0 8 0 2 0 1 0 9 1 6 0 4 0
2 9 1 7 0
1 2 0
2 2 0 4 0
1 6 0
3 4 0 3 1 6 0
1 4 0
5 5 0 1 0 9 1 8 0 6 0
5 6 0 5 0 1 0 4 0 2 0
3 6 0 9 1 4 0
3 3 1 5 0 6 0
2 4 0 3 1
6 2 0 1 0 3 1 6 0 5 0 8 0
5 6 0 1 0 3 1 2 0 8 0
2 8 0 9 1
8 7 0 1 0 9 1 2 0 6 0 4 0 5 0 8 0
5 4 0 1 0 9 1 2 0 7 0
7 6 0 9 1 8 0 4 0 7 0 1 0 2 0
1 9 1
1 1 0
8 1 0 4 0 5 0 2 0 7 0 8 0 6 0 3 1
6 6 0 2 0 9 1 5 0 1 0 4 0
1 6 0
4 1 0 3 1 2 0 6 0
2 5 0 4 0
1 5 0
3 9 1 8 0 7 0
3 5 0 3 1 6 0
5 6 0 8 0 3 1 7 0 4 0
7 5 0 8 0 4 0 6 0 7 0 1 0 3 1
4 3 1 5 0 7 0 6 0
1 3 1
8
86
4 8 0 1 0 6 0 7 1
6 6 0 8 0 3 0 4 0 1 0 7 1
5 4 0 2 1 6 0 8 0 3 0
6 4 0 6 0 7 1 8 0 1 0 3 0
2 8 0 5 1
6 7 1 1 0 3 0 8 0 4 0 6 0
2 4 0 1 0
3 3 0 2 1 1 0
1 6 0
1 1 0
3 8 0 3 0 4 0
1 1 0
1 2 1
1 5 1
2 5 1 1 0
2 8 0 7 1
3 1 0 7 1 3 0
3 7 1 1 0 3 0
4 1 0 5 1 8 0 3 0
5 7 1 1 0 6 0 8 0 3 0
5 6 0 3 0 7 1 1 0 4 0
1 4 0
6 6 0 4 0 3 0 1 0 8 0 2 1
1 5 1
2 5 1 1 0
1 5 1
5 2 1 3 0 8 0 4 0 1 0
1 5 1
2 1 0 2 1
1 1 0
2 1 0 7 1
5 1 0 6 0 2 1 8 0 4 0
1 8 0
5 8 0 4 0 3 0 7 1 6 0
3 2 1 8 0 6 0
1 4 0
1 2 1
4 4 0 3 0 5 1 1 0
1 6 0
1 7 1
2 3 0 2 1
1 3 0
3 1 0 4 0 5 1
1 1 0
6 3 0 5 1 8 0 1 0 4 0 6 0
1 1 0
3 6 0 4 0 5 1
3 2 1 6 0 3 0
5 6 0 2 1 8 0 3 0 1 0
1 7 1
2 3 0 7 1
2 6 0 2 1
2 5 1 1 0
1 8 0
2 4 0 2 1
4 8 0 3 0 4 0 2 1
1 2 1
6 3 0 8 0 6 0 7 1 1 0 4 0
1 8 0
1 6 0
5 1 0 3 0 8 0 5 1 4 0
1 3 0
4 4 0 8 0 5 1 3 0
2 2 1 6 0
2 8 0 1 0
4 7 1 3 0 6 0 1 0
4 2 1 6 0 4 0 3 0
3 6 0 1 0 8 0
4 5 1 4 0 1 0 3 0
2 6 0 7 1
4 4 0 8 0 7 1 6 0
6 1 0 4 0 5 1 6 0 8 0 3 0
5 8 0 2 1 1 0 6 0 4 0
3 8 0 1 0 4 0
5 2 1 4 0 6 0 1 0 3 0
4 4 0 3 0 7 1 8 0
3 5 1 8 0 3 0
4 8 0 1 0 4 0 3 0
2 8 0 5 1
3 8 0 6 0 2 1
2 1 0 7 1
4 2 1 6 0 8 0 4 0
1 1 0
2 5 1 6 0
3 2 1 1 0 4 0
3 2 1 4 0 8 0
3
32
1 3 0
1 3 0
1 2 0
1 2 0
2 1 1 3 0
2 1 1 2 0
2 3 0 1 1
2 2 0 3 0
1 1 1
2 3 0 2 0
2 2 0 1 1
3 2 0 1 1 3 0
1 3 0
2 3 0 1 1
2 3 0 1 1
3 3 0 1 1 2 0
1 2 0
2 1 1 3 0
1 2 0
1 1 1
1 3 0
2 3 0 2 0
2 2 0 3 0
1 2 0
1 2 0
1 2 0
1 1 1
2 2 0 1 1
2 1 1 2 0
1 3 0
2 1 1 3 0
1 1 1
9
38
3 5 0 2 1 8 0
1 7 0
3 1 0 9 1 7 0
1 4 1
1 4 1
1 5 1
1 5 1
2 1 0 8 1
4 5 1 9 0 6 0 3 0
1 7 0
1 4 1
1 6 1
3 8 1 1 0 7 0
3 1 0 9 1 7 0
3 8 1 1 0 7 0
2 6 1 1 0
1 2 1
1 5 1
1 2 1
2 6 0 8 1
1 2 1
1 6 1
1 9 1
1 3 1
3 9 1 6 0 8 0
3 6 1 7 0 1 0
2 5 1 1 0
1 4 1
1 8 1
3 1 0 4 1 7 0
1 8 1
1 4 1
3 9 1 1 0 7 0
2 7 0 5 1
3 9 1 7 0 1 0
2 1 0 3 1
3 4 1 1 0 7 0
2 2 1 7 0
6
34
4 1 0 5 1 6 0 4 0
1 5 1
1 2 0
4 4 0 1 0 3 1 6 0
2 6 0 4 0
3 1 0 2 0 5 1
5 1 0 3 1 6 0 4 0 2 0
1 3 1
4 6 0 1 0 4 0 2 0
2 6 0 5 1
3 5 1 6 0 2 0
1 1 0
1 2 0
3 3 1 2 0 4 0
2 3 1 6 0
4 2 0 1 0 4 0 3 1
2 5 1 1 0
1 3 1
3 5 1 6 0 2 0
4 4 0 6 0 5 1 2 0
2 1 0 6 0
1 5 1
3 5 1 1 0 2 0
1 5 1
3 6 0 5 1 2 0
5 2 0 4 0 6 0 1 0 3 1
1 5 1
3 4 0 3 1 2 0
1 6 0
2 6 0 4 0
3 5 1 1 0 4 0
3 1 0 3 1 4 0
4 4 0 2 0 6 0 3 1
1 1 0
7
78
6 5 0 3 0 4 1 2 0 1 0 6 0
3 3 0 4 1 2 0
7 7 0 5 0 6 0 4 1 1 0 3 0 2 0
1 6 0
5 3 0 2 0 5 0 4 1 1 0
2 5 0 4 1
2 4 1 3 0
2 6 0 3 0
1 2 0
1 1 0
3 7 0 3 0 4 1
7 2 0 1 0 6 0 7 0 3 0 4 1 5 0
2 3 0 2 0
2 4 1 2 0
2 3 0 6 0
6 1 0 3 0 4 1 2 0 5 0 6 0
2 7 0 5 0
1 5 0
2 4 1 1 0
1 2 0
1 3 0
3 7 0 5 0 4 1
1 2 0
5 4 1 6 0 3 0 2 0 1 0
1 4 1
3 3 0 7 0 1 0
4 7 0 6 0 1 0 3 0
4 2 0 5 0 6 0 7 0
1 5 0
4 5 0 1 0 6 0 3 0
3 6 0 3 0 1 0
1 5 0
5 2 0 3 0 5 0 6 0 1 0
1 1 0
4 3 0 2 0 7 0 4 1
3 6 0 1 0 4 1
1 6 0
4 4 1 5 0 2 0 6 0
2 1 0 6 0
2 1 0 3 0
3 6 0 3 0 5 0
4 4 1 2 0 6 0 1 0
3 2 0 6 0 3 0
1 4 1
1 7 0
1 7 0
5 2 0 5 0 3 0 4 1 6 0
3 1 0 6 0 4 1
4 5 0 3 0 2 0 7 0
2 1 0 5 0
3 5 0 2 0 6 0
5 2 0 7 0 5 0 1 0 6 0
2 3 0 4 1
3 1 0 4 1 6 0
4 7 0 6 0 3 0 2 0
2 7 0 3 0
2 2 0 6 0
1 6 0
2 4 1 5 0
2 4 1 1 0
1 1 0
1 6 0
2 3 0 4 1
3 7 0 3 0 2 0
5 6 0 4 1 2 0 5 0 7 0
1 5 0
1 1 0
1 3 0
2 3 0 5 0
6 6 0 7 0 4 1 1 0 5 0 3 0
3 3 0 1 0 7 0
4 5 0 3 0 6 0 4 1
3 5 0 4 1 6 0
4 6 0 1 0 5 0 7 0
1 7 0
1 5 0
1 2 0
3 4 1 5 0 6 0
2
2
2 1 1 2 0
1 1 1
2
2
2 1 0 2 0
1 2 1
6
50
1 2 1
3 2 1 5 0 1 0
1 2 1
6 2 1 3 0 6 0 4 0 1 0 5 0
1 2 1
1 2 1
4 4 0 6 0 3 0 5 0
2 5 0 2 1
1 6 0
1 5 0
2 4 0 5 0
1 4 0
3 2 1 3 0 4 0
1 4 0
1 3 0
1 3 0
3 2 1 6 0 4 0
5 3 0 2 1 1 0 4 0 6 0
2 3 0 2 1
1 6 0
2 5 0 4 0
2 6 0 2 1
5 4 0 3 0 6 0 1 0 2 1
5 1 0 5 0 6 0 2 1 3 0
1 3 0
2 3 0 1 0
1 5 0
1 5 0
2 5 0 4 0
1 4 0
6 1 0 6 0 4 0 3 0 2 1 5 0
4 6 0 3 0 1 0 4 0
1 1 0
4 3 0 6 0 5 0 1 0
3 5 0 1 0 3 0
1 6 0
2 4 0 1 0
3 2 1 1 0 6 0
5 3 0 4 0 1 0 2 1 5 0
1 3 0
6 6 0 5 0 1 0 4 0 2 1 3 0
2 4 0 6 0
3 2 1 4 0 1 0
4 4 0 2 1 5 0 6 0
1 4 0
4 4 0 5 0 6 0 1 0
1 5 0
2 5 0 2 1
4 6 0 5 0 2 1 4 0
6 2 1 6 0 4 0 5 0 1 0 3 0
4
39
1 3 0
4 1 1 4 0 2 0 3 0
1 4 0
2 3 0 4 0
1 4 0
1 3 0
1 1 1
3 1 1 4 0 3 0
2 3 0 2 0
2 3 0 4 0
3 4 0 1 1 3 0
3 4 0 2 0 3 0
3 4 0 2 0 3 0
3 1 1 3 0 4 0
3 4 0 2 0 1 1
1 2 0
1 4 0
2 2 0 3 0
1 3 0
1 1 1
1 4 0
1 3 0
2 2 0 4 0
3 3 0 2 0 1 1
4 1 1 3 0 2 0 4 0
1 1 1
2 2 0 1 1
1 1 1
1 3 0
4 3 0 4 0 2 0 1 1
1 3 0
1 2 0
2 1 1 3 0
1 4 0
1 2 0
1 4 0
1 3 0
3 2 0 1 1 4 0
2 3 0 1 1
6
47
1 3 0
1 6 0
3 3 0 6 0 4 0
4 4 0 3 0 6 0 2 0
6 3 0 6 0 4 0 5 1 1 0 2 0
1 1 0
1 5 1
4 2 0 5 1 6 0 3 0
4 5 1 3 0 4 0 2 0
1 5 1
6 6 0 1 0 2 0 3 0 4 0 5 1
3 5 1 6 0 4 0
2 2 0 5 1
1 3 0
3 3 0 2 0 6 0
4 6 0 4 0 3 0 5 1
3 5 1 3 0 4 0
1 6 0
2 4 0 5 1
1 5 1
1 6 0
2 5 1 2 0
1 1 0
2 2 0 1 0
1 6 0
4 5 1 4 0 1 0 2 0
1 2 0
4 5 1 3 0 4 0 1 0
1 3 0
3 1 0 5 1 3 0
1 2 0
2 2 0 1 0
2 6 0 1 0
5 2 0 5 1 1 0 3 0 4 0
2 4 0 5 1
1 4 0
1 6 0
6 1 0 5 1 4 0 3 0 2 0 6 0
1 6 0
1 1 0
1 6 0
1 3 0
1 4 0
1 6 0
1 5 1
1 2 0
2 5 1 4 0
8
15
1 5 1
1 8 1
1 3 1
2 5 1 3 0
3 3 1 7 0 4 0
3 6 0 2 1 1 0
2 4 0 8 1
2 5 0 3 0
4 7 0 1 0 6 0 8 1
1 6 0
3 5 1 1 0 6 0
3 6 0 4 0 3 1
1 8 1
2 5 0 2 1
1 4 0
5
14
1 2 1
1 5 0
1 1 0
3 5 0 1 0 4 1
1 3 0
1 5 0
3 3 0 5 0 1 0
1 3 0
1 2 1
2 5 0 1 0
1 2 1
1 5 0
1 4 1
2 5 0 4 1
2
2
1 2 1
2 1 1 2 0
2
2
2 2 0 1 1
2 1 1 2 0
6
7
2 2 1 5 0
1 1 1
3 2 0 5 0 1 0
1 5 1
1 5 1
1 6 1
1 6 1
2
2
2 1 0 2 1
2 2 0 1 1
8
61
1 2 0
3 8 0 4 1 6 0
1 6 0
6 3 0 5 0 2 0 1 1 6 0 7 0
3 7 0 2 0 8 0
5 2 0 6 0 3 0 8 0 5 0
1 5 0
7 6 0 3 0 7 0 8 0 2 0 5 0 1 1
2 7 0 1 1
3 3 0 7 0 8 0
6 7 0 8 0 3 0 1 1 2 0 6 0
3 5 0 4 1 8 0
4 2 0 8 0 7 0 6 0
2 4 1 2 0
2 7 0 4 1
3 4 1 3 0 5 0
4 5 0 8 0 7 0 2 0
1 1 1
3 5 0 7 0 3 0
3 7 0 5 0 4 1
4 7 0 4 1 8 0 5 0
1 8 0
4 8 0 6 0 3 0 4 1
2 3 0 1 1
3 8 0 3 0 4 1
2 3 0 4 1
2 8 0 4 1
5 4 1 6 0 7 0 5 0 2 0
5 2 0 6 0 8 0 4 1 5 0
4 8 0 7 0 5 0 1 1
5 7 0 8 0 4 1 2 0 3 0
2 2 0 6 0
5 3 0 1 1 8 0 2 0 6 0
3 7 0 5 0 8 0
2 4 1 7 0
1 4 1
3 3 0 8 0 7 0
7 8 0 7 0 5 0 4 1 6 0 3 0 2 0
4 7 0 8 0 5 0 6 0
2 6 0 1 1
3 8 0 5 0 2 0
1 5 0
4 1 1 3 0 8 0 7 0
5 8 0 4 1 5 0 6 0 3 0
2 8 0 7 0
3 2 0 4 1 7 0
6 5 0 3 0 8 0 7 0 2 0 1 1
6 5 0 6 0 4 1 8 0 3 0 2 0
2 4 1 3 0
6 4 1 6 0 2 0 5 0 7 0 3 0
3 4 1 5 0 7 0
4 5 0 1 1 2 0 7 0
7 6 0 5 0 7 0 2 0 1 1 3 0 8 0
1 4 1
3 4 1 5 0 2 0
5 7 0 2 0 6 0 1 1 8 0
4 8 0 6 0 5 0 7 0
2 5 0 2 0
4 6 0 1 1 5 0 2 0
2 8 0 4 1
5 5 0 2 0 4 1 7 0 3 0
2
2
2 2 0 1 1
1 2 1
9
46
9 1 1 5 0 8 0 7 0 9 0 6 0 4 0 3 0 2 0
1 6 0
1 7 0
5 4 0 9 0 1 1 8 0 3 0
8 2 0 3 0 1 1 4 0 8 0 6 0 9 0 7 0
1 8 0
5 6 0 2 0 9 0 8 0 5 0
1 8 0
2 8 0 7 0
4 3 0 5 0 2 0 4 0
7 1 1 4 0 2 0 3 0 9 0 7 0 8 0
5 7 0 5 0 2 0 3 0 9 0
1 1 1
2 7 0 4 0
6 6 0 2 0 9 0 7 0 1 1 4 0
1 2 0
1 7 0
2 1 1 3 0
1 9 0
6 6 0 7 0 4 0 9 0 8 0 5 0
2 3 0 7 0
3 8 0 2 0 7 0
7 1 1 6 0 2 0 8 0 3 0 7 0 9 0
3 1 1 9 0 5 0
2 6 0 8 0
4 1 1 7 0 5 0 9 0
3 8 0 3 0 7 0
2 1 1 7 0
5 7 0 5 0 2 0 8 0 4 0
2 6 0 2 0
4 3 0 2 0 1 1 8 0
7 2 0 1 1 4 0 3 0 5 0 8 0 6 0
2 1 1 8 0
2 5 0 1 1
1 5 0
1 8 0
8 8 0 2 0 4 0 9 0 7 0 5 0 6 0 3 0
5 9 0 4 0 6 0 2 0 5 0
5 6 0 3 0 9 0 2 0 8 0
1 1 1
5 2 0 7 0 8 0 5 0 9 0
3 5 0 8 0 3 0
5 7 0 3 0 5 0 1 1 4 0
1 2 0
1 9 0
3 5 0 6 0 7 0
3
12
2 3 0 2 0
2 2 0 3 0
1 2 0
2 2 0 3 0
1 1 1
1 3 0
3 1 1 2 0 3 0
1 2 0
2 2 0 3 0
1 2 0
1 1 1
1 3 0
2
2
2 1 0 2 0
2 2 1 1 0
10
100
1 8 1
1 3 0
1 2 1
1 5 0
1 6 0
1 10 1
1 10 1
1 1 1
1 10 1
1 4 0
1 10 1
1 6 0
1 1 1
1 1 1
1 1 1
1 8 1
1 6 0
1 4 0
1 8 1
1 7 1
1 7 1
1 10 1
1 4 0
1 4 0
1 7 1
1 3 0
1 6 0
1 1 1
1 7 1
1 6 0
1 9 1
1 2 1
1 5 0
1 9 1
1 9 1
1 2 1
1 4 0
1 6 0
1 1 1
1 6 0
1 10 1
1 5 0
1 2 1
1 3 0
1 10 1
1 7 1
1 10 1
1 3 0
1 2 1
1 6 0
1 1 1
1 8 1
1 6 0
1 2 1
1 10 1
1 9 1
1 4 0
1 3 0
1 7 1
1 4 0
1 8 1
1 3 0
1 1 1
1 1 1
1 9 1
1 8 1
1 5 0
1 3 0
1 1 1
1 5 0
1 2 1
1 8 1
1 6 0
1 9 1
1 7 1
1 10 1
1 6 0
1 8 1
1 1 1
1 4 0
1 4 0
1 4 0
1 5 0
1 10 1
1 7 1
1 1 1
1 5 0
1 2 1
1 9 1
1 1 1
1 8 1
1 1 1
1 3 0
1 7 1
1 7 1
1 4 0
1 2 1
1 6 0
1 5 0
1 9 1
10
44
3 2 1 3 0 9 0
4 1 0 9 0 8 0 7 0
1 10 1
5 2 1 9 0 6 0 3 0 1 0
2 2 1 9 0
6 1 0 7 0 9 0 8 0 4 1 6 0
5 4 1 5 0 1 0 6 0 8 0
3 4 0 10 1 2 0
5 1 0 9 0 6 0 7 0 4 1
2 9 0 4 1
2 4 1 8 0
7 8 0 6 0 3 0 7 0 1 0 10 1 9 0
3 2 1 1 0 8 0
1 9 0
4 9 0 7 0 2 1 8 0
2 5 0 10 1
2 8 0 6 0
1 3 0
4 5 0 6 0 3 0 9 0
4 3 0 2 1 6 0 8 0
1 4 1
1 10 1
6 8 0 3 0 2 1 7 0 1 0 6 0
5 5 0 3 0 9 0 4 1 8 0
1 5 0
3 7 0 5 0 1 0
3 7 0 6 0 10 1
4 9 0 6 0 10 1 3 0
3 5 0 8 0 9 0
2 4 1 8 0
1 2 1
2 10 1 5 0
3 9 0 5 0 10 1
3 2 1 3 0 6 0
3 3 0 7 0 5 0
2 3 0 1 0
6 3 0 4 1 1 0 6 0 9 0 5 0
8 7 0 9 0 5 0 8 0 2 1 1 0 6 0 3 0
2 1 0 10 1
4 6 0 5 0 7 0 3 0
7 5 0 1 0 9 0 7 0 3 0 8 0 10 1
7 8 0 1 0 3 0 6 0 9 0 5 0 4 1
1 5 0
1 2 1
4
94
1 3 0
1 1 1
2 2 0 1 1
2 4 1 2 0
2 1 1 3 0
3 4 1 3 0 2 0
3 1 1 3 0 2 0
1 4 1
3 3 0 1 1 2 0
2 2 0 4 1
3 2 0 3 0 1 1
1 1 1
2 1 1 2 0
2 1 1 3 0
1 3 0
1 2 0
2 2 0 4 1
3 3 0 1 1 2 0
1 1 1
1 2 0
3 2 0 3 0 1 1
1 2 0
1 1 1
1 3 0
1 4 1
1 3 0
1 4 1
3 2 0 3 0 4 1
1 3 0
3 3 0 2 0 4 1
1 4 1
1 2 0
3 3 0 2 0 4 1
1 3 0
1 3 0
3 4 1 2 0 3 0
1 3 0
1 2 0
1 2 0
1 2 0
1 4 1
1 2 0
1 3 0
2 1 1 3 0
1 2 0
2 3 0 4 1
2 2 0 1 1
1 2 0
1 1 1
2 2 0 4 1
1 4 1
1 1 1
1 1 1
2 3 0 2 0
1 1 1
1 3 0
1 1 1
2 3 0 4 1
2 4 1 2 0
2 4 1 2 0
3 3 0 1 1 2 0
2 4 1 2 0
2 3 0 2 0
2 4 1 2 0
2 1 1 3 0
2 4 1 3 0
2 3 0 1 1
1 1 1
1 1 1
1 4 1
1 1 1
1 1 1
2 4 1 3 0
2 1 1 3 0
2 4 0 1 1
3 2 0 3 0 4 1
3 2 0 4 1 3 0
3 4 1 3 0 2 0
1 4 1
3 3 0 1 1 2 0
1 3 0
2 4 1 2 0
1 3 0
2 2 0 1 1
1 4 1
1 2 0
1 2 0
1 3 0
1 3 0
2 2 0 4 1
2 4 1 3 0
2 2 0 4 1
1 3 0
2 3 0 1 1
3
37
2 3 1 1 0
1 2 0
2 2 0 1 0
2 2 0 1 0
1 2 0
2 2 0 3 1
1 2 0
2 2 0 3 1
1 2 0
1 1 0
1 1 0
1 3 1
2 2 0 1 0
2 1 0 3 1
1 3 1
1 3 1
1 1 0
3 3 1 2 0 1 0
1 3 1
1 3 1
2 2 0 3 1
1 1 0
2 1 0 2 0
1 2 0
1 2 0
2 2 0 1 0
1 3 1
2 1 0 3 1
1 1 0
1 2 0
1 2 0
1 3 1
1 3 1
1 3 1
2 1 0 2 0
3 3 1 1 0 2 0
2 2 0 3 1
8
53
1 6 0
3 5 0 3 1 2 0
1 4 0
3 2 0 5 0 1 0
2 5 0 4 0
4 1 0 4 0 3 1 6 0
7 3 1 7 0 6 0 5 0 4 0 2 0 1 0
1 3 1
7 4 0 5 0 8 1 6 0 7 0 2 0 1 0
2 5 0 8 1
4 1 0 5 0 2 0 8 1
1 2 0
1 4 0
4 1 0 8 1 4 0 6 0
3 1 0 3 1 4 0
2 3 1 5 0
4 5 0 3 1 1 0 2 0
1 3 1
2 6 0 1 0
1 6 0
5 1 0 6 0 3 1 7 0 2 0
5 2 0 4 0 7 0 8 1 6 0
4 5 0 1 0 7 0 8 1
1 8 1
1 1 0
6 6 0 1 0 7 0 4 0 2 0 3 1
1 1 0
7 7 0 1 0 5 0 2 0 6 0 8 1 4 0
1 4 0
1 7 0
3 3 1 6 0 1 0
2 4 0 8 1
4 7 0 5 0 3 1 4 0
2 2 0 7 0
2 1 0 5 0
2 7 0 6 0
1 3 1
6 4 0 6 0 8 1 2 0 1 0 7 0
2 7 0 3 1
7 1 0 4 0 8 1 6 0 2 0 7 0 5 0
2 2 0 8 1
6 1 0 4 0 6 0 7 0 2 0 3 1
1 6 0
3 3 1 1 0 7 0
2 5 0 6 0
1 2 0
7 8 1 1 0 2 0 7 0 6 0 5 0 4 0
4 7 0 1 0 3 1 4 0
7 5 0 7 0 1 0 6 0 4 0 2 0 3 1
2 4 0 1 0
7 5 0 1 0 3 1 7 0 2 0 6 0 4 0
1 7 0
1 1 0
7
85
2 7 1 2 0
1 6 1
3 3 0 1 1 2 0
1 1 1
2 3 0 1 1
1 6 1
1 6 1
1 6 1
1 1 1
1 4 1
2 6 1 3 0
2 5 1 2 0
1 5 1
1 5 1
1 4 1
1 2 0
1 3 0
2 5 1 2 0
1 6 1
2 5 1 3 0
2 1 1 2 0
1 5 1
2 3 0 4 1
1 3 0
3 5 1 3 0 2 0
3 4 1 2 0 3 0
1 4 1
1 4 1
3 2 0 3 0 7 1
1 4 1
1 4 1
1 6 1
2 5 1 2 0
2 4 1 2 0
1 5 1
2 2 0 5 1
3 3 0 4 1 2 0
1 7 1
2 3 0 5 1
1 5 1
3 7 1 3 0 2 0
3 2 0 1 1 3 0
2 1 1 3 0
3 4 0 7 1 1 0
1 4 1
3 2 0 7 1 3 0
1 6 1
2 2 0 3 0
1 5 1
1 4 1
3 1 1 3 0 2 0
1 1 1
1 3 0
3 3 0 4 1 2 0
1 1 1
2 7 1 3 0
1 6 1
1 1 1
2 3 0 6 1
3 2 0 4 1 3 0
1 7 1
1 6 1
1 1 1
1 5 1
3 3 0 2 0 5 1
1 3 0
2 3 0 4 1
2 3 0 6 1
1 7 1
2 5 1 2 0
1 7 1
2 3 0 6 1
1 1 1
1 4 1
3 3 0 2 0 1 1
3 1 1 3 0 2 0
2 3 0 5 1
3 5 1 2 0 3 0
3 3 0 2 0 7 1
2 3 0 1 1
2 1 1 3 0
2 7 1 3 0
2 3 0 2 0
2 4 0 5 1
1 5 1
1
3
1 1 0
1 1 0
1 1 0
4
62
2 2 0 4 0
1 4 0
4 1 1 4 0 2 0 3 0
2 3 0 2 0
2 3 0 1 1
4 4 0 3 0 2 0 1 1
2 4 0 3 0
2 4 0 1 1
1 1 1
2 3 0 2 0
2 3 0 1 1
4 4 0 1 1 3 0 2 0
1 4 0
1 3 0
1 4 0
1 1 1
1 1 1
1 4 0
1 3 0
1 4 0
1 1 1
1 2 0
1 1 1
2 4 0 3 0
1 3 0
2 1 1 4 0
2 1 1 4 0
4 2 0 4 0 1 1 3 0
1 4 0
3 1 1 4 0 2 0
1 3 0
2 2 0 3 0
2 1 1 3 0
2 3 0 2 0
3 1 1 2 0 4 0
2 2 0 4 0
2 1 1 3 0
3 3 0 1 1 2 0
4 3 0 1 1 4 0 2 0
1 2 0
1 1 1
2 4 0 2 0
2 3 0 4 0
1 4 0
4 4 0 3 0 2 0 1 1
3 1 1 3 0 4 0
1 3 0
1 3 0
1 1 1
1 4 0
2 1 1 4 0
1 1 1
1 3 0
1 4 0
1 4 0
1 3 0
3 2 0 4 0 1 1
1 2 0
1 1 1
3 1 1 2 0 4 0
2 4 0 2 0
1 1 1
2
2
1 1 1
1 1 1
10
40
1 5 1
1 7 1
3 6 0 8 0 10 0
1 5 1
2 6 0 5 1
1 7 0
1 9 1
2 8 0 7 1
1 9 0
2 9 1 5 0
3 2 0 9 1 8 0
2 2 0 9 1
1 6 0
1 5 1
4 6 0 7 1 3 0 10 0
3 7 0 9 0 5 0
1 6 0
6 2 0 7 1 4 0 10 0 6 0 8 0
2 9 0 7 0
5 6 0 9 1 3 0 2 0 4 0
1 9 1
6 10 0 1 0 5 1 4 0 3 0 2 0
2 5 1 8 0
5 1 0 5 1 3 0 6 0 4 0
1 5 0
1 2 0
4 8 0 5 1 4 0 3 0
1 9 0
2 10 0 3 0
5 4 0 8 0 10 0 3 0 5 1
8 10 0 3 0 1 0 2 0 7 1 4 0 6 0 8 0
1 6 0
4 7 1 2 0 10 0 8 0
1 5 1
3 1 0 2 0 7 1
1 7 1
1 7 1
4 5 1 10 0 6 0 4 0
4 7 1 6 0 1 0 8 0
2 1 0 7 1
2
2
1 2 1
1 2 1
6
52
5 5 0 4 0 3 0 2 1 1 0
4 6 0 1 0 5 0 3 0
3 3 0 2 1 4 0
4 6 0 2 1 4 0 5 0
4 2 1 6 0 1 0 3 0
2 2 1 5 0
2 4 0 6 0
3 6 0 3 0 1 0
5 4 0 1 0 5 0 6 0 2 1
1 4 0
4 6 0 1 0 2 1 4 0
6 3 0 2 1 6 0 1 0 5 0 4 0
6 2 1 1 0 5 0 3 0 4 0 6 0
1 5 0
6 1 0 2 1 3 0 4 0 5 0 6 0
1 5 0
1 3 0
2 4 0 1 0
2 2 1 4 0
2 1 0 2 1
1 2 1
2 2 1 6 0
2 3 0 5 0
4 2 1 3 0 4 0 6 0
4 3 0 6 0 4 0 1 0
6 1 0 2 1 3 0 6 0 4 0 5 0
3 4 0 6 0 1 0
5 6 0 4 0 1 0 3 0 2 1
1 2 1
1 4 0
5 6 0 2 1 3 0 1 0 4 0
2 3 0 1 0
5 1 0 2 1 6 0 5 0 4 0
2 4 0 1 0
2 5 0 3 0
4 6 0 5 0 4 0 2 1
6 3 0 1 0 6 0 4 0 2 1 5 0
2 3 0 4 0
2 1 0 3 0
4 2 1 6 0 1 0 4 0
1 5 0
2 1 0 5 0
2 1 0 5 0
1 2 1
1 2 1
2 1 0 5 0
1 4 0
4 1 0 4 0 2 1 5 0
3 6 0 5 0 2 1
1 6 0
2 1 0 3 0
1 6 0
10
61
4 7 0 2 0 6 0 1 0
1 4 0
4 8 0 2 0 7 0 5 0
3 2 0 4 0 5 0
1 3 1
2 2 0 1 0
1 8 0
1 8 0
1 2 0
2 6 0 2 0
3 6 0 4 0 3 1
4 8 0 4 0 2 0 5 0
1 1 0
1 7 0
8 6 0 4 0 10 0 2 0 5 0 9 0 1 0 3 1
3 8 0 7 0 5 0
1 4 0
3 2 0 1 0 8 0
4 4 0 9 0 2 0 8 0
4 5 0 1 0 3 1 7 0
9 5 0 10 0 6 0 4 0 2 0 9 0 1 0 7 0 8 0
3 2 0 3 1 5 0
7 9 0 5 0 4 0 1 0 8 0 10 0 6 0
1 9 0
6 9 0 4 0 6 0 1 0 5 0 2 0
2 5 0 3 1
2 1 0 7 0
7 8 0 3 1 9 0 2 0 10 0 6 0 4 0
1 5 0
1 8 0
5 5 0 6 0 4 0 2 0 1 0
1 1 0
5 4 0 5 0 10 0 7 0 6 0
1 10 0
7 4 0 3 1 5 0 10 0 6 0 8 0 2 0
4 10 0 3 1 7 0 4 0
1 5 0
1 3 1
3 8 0 6 0 1 0
4 3 1 6 0 4 0 10 0
8 9 0 5 0 2 0 3 1 4 0 7 0 8 0 6 0
7 2 0 1 0 5 0 8 0 7 0 6 0 9 0
1 4 0
3 8 0 10 0 3 1
4 10 0 2 0 3 1 5 0
9 3 1 6 0 8 0 4 0 10 0 1 0 7 0 5 0 2 0
4 1 0 6 0 8 0 4 0
7 2 0 9 0 7 0 3 1 8 0 5 0 4 0
2 9 0 1 0
2 3 1 2 0
2 6 0 3 1
3 6 0 1 0 7 0
1 5 0
6 6 0 2 0 9 0 3 1 8 0 4 0
1 3 1
1 4 0
7 7 0 3 1 6 0 5 0 9 0 4 0 8 0
8 8 0 6 0 2 0 1 0 7 0 10 0 4 0 9 0
10 10 0 2 0 8 0 6 0 3 1 5 0 1 0 7 0 4 0 9 0
3 3 1 2 0 10 0
6 3 1 8 0 5 0 1 0 6 0 4 0
2
2
1 1 0
2 2 0 1 1
2
2
2 2 0 1 0
1 1 1
7
46
2 5 0 6 0
3 7 0 6 0 5 0
2 6 0 2 1
2 3 0 4 0
3 5 0 2 1 7 0
2 2 1 4 0
1 7 0
3 4 0 6 0 5 0
3 1 0 6 0 4 0
1 6 0
2 5 0 7 0
4 7 0 3 0 4 0 1 0
6 3 0 5 0 1 0 2 1 6 0 4 0
2 6 0 4 0
1 2 1
1 3 0
2 4 0 7 0
1 2 1
3 5 0 3 0 2 1
3 1 0 4 0 2 1
2 7 0 4 0
1 5 0
1 7 0
1 1 0
4 3 0 2 1 7 0 6 0
1 5 0
5 6 0 5 0 3 0 4 0 2 1
3 3 0 4 0 2 1
3 3 0 1 0 7 0
4 5 0 2 1 4 0 6 0
1 4 0
2 4 0 7 0
1 2 1
1 2 1
4 3 0 7 0 6 0 5 0
2 5 0 3 0
1 4 0
6 7 0 1 0 6 0 4 0 2 1 3 0
1 5 0
3 4 0 2 1 7 0
4 5 0 6 0 4 0 3 0
5 1 0 4 0 5 0 3 0 2 1
2 6 0 3 0
7 3 0 7 0 4 0 5 0 2 1 1 0 6 0
6 2 1 6 0 7 0 1 0 3 0 5 0
6 2 1 7 0 5 0 1 0 3 0 6 0
7
39
4 4 0 3 0 5 0 2 1
3 2 1 4 0 5 0
1 3 0
2 5 0 1 1
2 3 0 6 1
1 1 1
1 1 1
2 3 0 6 1
2 3 0 1 1
1 1 1
2 5 0 7 1
2 5 0 6 1
2 7 1 4 0
2 6 1 5 0
1 4 0
2 2 1 6 0
2 7 1 2 0
1 4 0
1 7 1
2 5 0 1 1
1 1 1
1 6 1
1 6 1
3 2 1 3 0 4 0
2 3 0 1 1
1 7 1
4 3 0 5 0 4 0 6 1
2 1 1 3 0
1 5 0
4 2 1 5 0 3 0 4 0
1 2 1
4 1 1 3 0 4 0 5 0
1 2 1
4 3 0 4 0 1 1 5 0
3 2 1 4 0 3 0
4 1 1 6 0 2 0 7 0
3 5 0 3 0 7 1
2 6 1 5 0
1 4 0
7
70
3 6 0 3 0 7 0
6 5 1 1 0 4 0 3 0 2 0 7 0
1 2 0
3 5 1 6 0 2 0
1 2 0
1 6 0
3 1 0 5 1 2 0
1 4 0
2 6 0 4 0
3 7 0 2 0 6 0
3 2 0 4 0 3 0
3 4 0 5 1 2 0
2 5 1 1 0
1 4 0
4 4 0 5 1 1 0 2 0
2 1 0 6 0
3 7 0 1 0 2 0
5 1 0 7 0 6 0 2 0 3 0
2 6 0 2 0
1 3 0
3 2 0 3 0 7 0
6 6 0 2 0 4 0 3 0 7 0 1 0
5 3 0 7 0 2 0 1 0 5 1
5 4 0 1 0 2 0 3 0 6 0
1 3 0
2 4 0 1 0
1 7 0
3 1 0 4 0 6 0
1 5 1
7 1 0 5 1 4 0 7 0 2 0 6 0 3 0
2 6 0 2 0
5 1 0 4 0 3 0 6 0 7 0
1 7 0
2 5 1 6 0
1 3 0
2 4 0 1 0
2 6 0 4 0
1 4 0
4 5 1 3 0 2 0 6 0
3 4 0 7 0 3 0
3 4 0 5 1 7 0
2 6 0 5 1
5 6 0 1 0 4 0 3 0 7 0
1 6 0
1 3 0
2 1 0 3 0
2 6 0 2 0
2 4 0 3 0
5 6 0 2 0 4 0 1 0 7 0
4 2 0 5 1 3 0 6 0
1 5 1
3 1 0 4 0 5 1
6 3 0 5 1 7 0 1 0 6 0 4 0
2 4 0 1 0
3 6 0 4 0 7 0
2 5 1 6 0
4 1 0 4 0 5 1 3 0
2 2 0 7 0
1 2 0
1 6 0
1 7 0
2 7 0 5 1
1 3 0
4 4 0 2 0 7 0 3 0
6 4 0 2 0 6 0 7 0 3 0 1 0
6 7 0 6 0 5 1 4 0 1 0 3 0
2 4 0 3 0
5 1 0 3 0 4 0 6 0 2 0
1 2 0
2 3 0 4 0
5
3
1 5 0
2 1 0 3 0
1 1 1
10
17
3 5 0 6 1 4 0
3 3 0 5 0 9 0
3 3 0 8 1 9 0
2 7 1 3 0
1 10 1
1 7 1
2 10 1 4 0
7 2 0 5 0 4 0 1 0 3 0 9 0 8 1
1 6 1
1 7 1
1 10 1
1 8 1
1 4 0
1 8 1
3 8 1 1 0 5 0
3 2 0 6 1 9 0
2 10 1 3 0
4
6
1 4 1
1 2 0
2 1 0 4 1
2 4 1 2 0
3 2 0 4 1 1 0
3 1 0 2 0 4 1
5
18
1 3 0
1 3 0
3 3 0 2 0 1 1
1 2 0
1 1 1
1 4 0
1 1 1
2 5 1 1 0
1 1 1
2 5 1 3 0
1 5 1
2 2 0 3 0
1 1 1
1 5 1
3 3 0 2 0 1 1
4 1 1 4 0 3 0 2 0
1 3 0
1 2 0
5
6
5 1 0 2 0 3 0 5 0 4 0
5 4 0 3 0 5 0 1 0 2 0
5 1 0 5 0 4 0 3 0 2 0
5 3 0 2 0 1 0 4 0 5 0
5 4 0 2 0 1 0 5 0 3 0
5 4 0 2 0 3 0 1 0 5 0
2
2
2 1 0 2 0
2 2 0 1 0
5
21
3 3 0 2 0 5 1
1 5 1
1 1 0
1 5 1
2 4 0 3 0
2 1 0 3 0
3 2 0 4 0 5 1
1 3 0
1 3 0
3 4 0 1 0 3 0
1 4 0
5 2 0 3 0 5 1 1 0 4 0
1 4 0
2 3 0 1 0
2 4 0 5 1
1 4 0
1 4 0
5 2 0 3 0 1 0 4 0 5 1
3 5 1 2 0 1 0
1 4 0
1 3 0
