100
3 8
5 6 9 4 8 2 1 7
3 1
2
3 100
2 4 8 16 32 64 128 256 512 1024 2048 4096 8192 16384 32768 65536 131072 262144 524288 1000000 1000000 1000000 1000000 1000000 1000000 1000000 1000000 1000000 1000000 1000000 1000000 1000000 1000000 1000000 1000000 1000000 1000000 1000000 1000000 1000000 1000000 1000000 1000000 1000000 1000000 1000000 1000000 1000000 1000000 1000000 1000000 1000000 1000000 1000000 1000000 1000000 1000000 1000000 1000000 1000000 1000000 1000000 1000000 1000000 1000000 1000000 1000000 1000000 1000000 1000000 1000000 1000000 1000000 1000000 1000000 1000000 1000000 1000000 1000000 1000000 1000000 1000000 1000000 1000000 1000000 1000000 1000000 1000000 1000000 1000000 1000000 1000000 1000000 1000000 1000000 1000000 1000000 1000000 1000000 1000000
3 100
1 4 4 4 4 4 4 4 4 4 4 4 4 4 4 4 4 4 4 4 4 4 4 4 4 4 4 4 4 4 4 4 4 4 4 4 4 4 4 4 4 4 4 4 4 4 4 4 4 4 4 4 4 4 4 4 4 4 4 4 4 4 4 4 4 4 4 4 4 4 4 4 4 4 4 4 4 4 4 4 4 4 4 4 4 4 4 4 4 4 4 4 4 4 4 4 4 4 4 4
1000000 1
1000000
2 20
1000000 1000000 1000000 1000000 1000000 1000000 1000000 1000000 1000000 1000000 1000000 1000000 1000000 1000000 1000000 1000000 1000000 1000000 1000000 1000000
3 5
11 20 60 22 100
2 21
1000000 1000000 1000000 1000000 1000000 1000000 1000000 1000000 1000000 1000000 1000000 1000000 1000000 1000000 1000000 1000000 1000000 1000000 1000000 1000000 1000000
2 100
1000000 1000000 1000000 1000000 1000000 1000000 1000000 1000000 1000000 1000000 1000000 1000000 1000000 1000000 1000000 1000000 1000000 1000000 1000000 1000000 1000000 1000000 1000000 1000000 1000000 1000000 1000000 1000000 1000000 1000000 1000000 1000000 1000000 1000000 1000000 1000000 1000000 1000000 1000000 1000000 1000000 1000000 1000000 1000000 1000000 1000000 1000000 1000000 1000000 1000000 1000000 1000000 1000000 1000000 1000000 1000000 1000000 1000000 1000000 1000000 1000000 1000000 1000000 1000000 1000000 1000000 1000000 1000000 1000000 1000000 1000000 1000000 1000000 1000000 1000000 1000000 1000000 1000000 1000000 1000000 1000000 1000000 1000000 1000000 1000000 1000000 1000000 1000000 1000000 1000000 1000000 1000000 1000000 1000000 1000000 1000000 1000000 1000000 1000000 1000000
3 5
27 729 9 243 81
2 19
1000000 1000000 1000000 1000000 1000000 1000000 1000000 1000000 1000000 1000000 1000000 1000000 1000000 1000000 1000000 1000000 1000000 1000000 1000000
1 100
2 2 2 2 2 2 2 2 2 2 2 2 2 2 2 2 2 2 2 2 2 2 2 2 2 2 2 2 2 2 2 2 2 2 2 2 2 2 2 2 2 2 2 2 2 2 2 2 2 2 2 2 2 2 2 2 2 2 2 2 2 2 2 2 2 2 2 2 2 2 2 2 2 2 2 2 2 2 2 2 2 2 2 2 2 2 2 2 2 2 2 2 2 2 2 2 2 2 2 2
1 100
1000000 1000000 1000000 1000000 1000000 1000000 1000000 1000000 1000000 1000000 1000000 1000000 1000000 1000000 1000000 1000000 1000000 1000000 1000000 1000000 1000000 1000000 1000000 1000000 1000000 1000000 1000000 1000000 1000000 1000000 1000000 1000000 1000000 1000000 1000000 1000000 1000000 1000000 1000000 1000000 1000000 1000000 1000000 1000000 1000000 1000000 1000000 1000000 1000000 1000000 1000000 1000000 1000000 1000000 1000000 1000000 1000000 1000000 1000000 1000000 1000000 1000000 1000000 1000000 1000000 1000000 1000000 1000000 1000000 1000000 1000000 1000000 1000000 1000000 1000000 1000000 1000000 1000000 1000000 1000000 1000000 1000000 1000000 1000000 1000000 1000000 1000000 1000000 1000000 1000000 1000000 1000000 1000000 1000000 1000000 1000000 1000000 1000000 1000000 1000000
3 4
1 6 12 49
2 6
9 64 19 16 81 80
798 10
395 64200 142704 188016 949139 32189 1735 993192 318600 65263
57633 78
3900 37332 786747 82589 48410 422733 238542 124077 47786 234444 58839 76703 125236 588571 19669 821 773826 255294 675253 131058 359965 640013 157461 473517 17959 932691 3352 482833 449 529 322950 8966 949282 172185 626415 97777 6841 136509 26989 666280 451375 362772 278175 184455 288531 503930 426172 26929 64260 8178 5889 1063 94421 325509 266813 2405 262711 131644 20934 508819 818854 98518 78217 17827 306176 384166 991117 94692 707044 263901 72115 910487 41792 145144 132289 382160 490102 603
46100 96
238560 473616 284909 1864 14777 548077 957839 13585 60517 7800 213070 10388 23390 992908 323728 481273 398813 347425 686017 804389 792883 72543 229658 4449 65148 158098 1537 834298 41609 401369 32236 291975 989476 232823 875452 103752 185960 3456 39569 48365 131916 138455 449836 340967 47503 59004 195075 67783 417 690271 448839 46060 15875 59880 553598 376041 262383 294392 596438 732077 174780 627304 909657 89392 275273 3362 27748 494895 879468 47726 75232 236552 584773 195811 471297 5954 476148 5 5045 27625 990614 247485 16678 898157 76404 59617 702572 897 8554 17877 571208 713012 31720 113840 5943 729749
95813 42
795123 833096 688998 579647 325258 355427 233063 2080 271222 781030 556948 433778 157852 29505 388039 97005 192926 921734 690245 766965 691689 949288 395099 60820 91899 517985 571596 67556 672620 73928 443056 962087 570461 101414 34597 559209 725762 7498 19597 561567 164178 15150
226652 14
69052 543936 203400 35363 385930 304949 268200 24890 766550 26799 733241 479088 586974 659082
231137 25
289834 753708 337774 875763 875681 960282 1291 19619 338965 225 19156 11718 64135 735822 442172 81398 922152 549463 922674 76888 50317 813578 953102 25640 48107
19668 21
166899 243552 539169 403688 104064 88128 562585 142066 845109 57320 395910 652742 882024 139967 63004 5865 823108 159049 1725 703099 110292
2729 27
535119 249471 978584 903695 785838 30489 225076 352077 185487 40245 218929 474023 481513 54264 178855 879301 290937 3294 601387 5772 27867 831753 973531 903290 519999 306109 835973
51620 42
328789 256530 18502 761002 11575 165314 856241 823827 356627 219296 117339 70859 710041 236676 429887 296298 254185 369289 241950 442942 196635 536868 65499 390491 899809 5929 3078 15516 396156 1033 564162 26463 69183 606422 921739 897504 198875 340840 160443 12175 818490 916415
60606 66
58251 3926 33162 401440 911274 139016 725182 232019 673352 49317 495978 801898 299846 45761 113381 246621 536132 774642 2119 399 322828 2510 113367 15933 37818 13067 745848 453080 660347 412674 433840 4416 621924 75689 66323 44243 81796 14562 15123 371592 168963 127251 485832 692288 71072 611010 200527 742621 916479 217278 291938 278345 61563 531797 766805 632429 139175 541012 103709 637257 20775 49298 354997 485941 44873 648216
146826 77
1303 47452 601144 760971 261831 787604 24122 659159 32 7555 106339 231330 539 579293 1466 491906 40342 87966 1050 57590 133580 887471 287859 185862 107069 4344 199505 14499 164352 689950 1733 530605 1787 949967 32686 205770 12353 14964 102263 172626 190609 518288 752480 129893 82913 59603 148723 205584 368016 42925 413080 887394 457165 3317 60779 27799 607582 7178 612649 793784 94017 368695 259336 493196 11245 961673 191430 2 63966 156449 9811 397972 359751 485932 5187 151456 14071
221503 80
430889 73661 368194 16959 528910 24529 40036 469183 618343 698954 414 216375 612623 252775 204515 207211 606981 88246 69526 294480 237522 186 695828 20519 341585 282714 409444 1763 271496 151022 335 328 362968 598963 50559 405604 218141 463469 14421 299 89860 746430 22600 409183 459353 362349 99159 126040 252106 2838 274382 80471 495098 8345 137732 313895 326237 65754 858710 169353 7957 107046 11992 76046 63410 67449 605840 154669 35368 335 52673 8521 571478 9597 16215 397348 946190 83815 493718 268021
205257 22
172658 143673 488166 489 294 181867 31938 81459 949 195831 272441 94768 704307 2595 830145 360972 63 449080 469359 305286 534093 907704
6537 36
90498 87377 291242 134783 821491 149012 268626 91760 85074 433497 216540 591522 652818 33778 40225 257202 351448 8337 176532 339482 876493 7029 42061 40756 2430 120520 71037 74610 17762 92893 5436 3573 132381 784573 881770 578
79767 32
571402 452640 536234 92164 182438 41195 51559 177738 188495 35968 742451 24010 462 44577 251941 32408 326506 240110 175994 454280 551728 366185 516631 39039 44407 10117 48747 972396 686875 50837 331224 27624
218559 82
60158 47381 317951 108256 173247 734608 3889 603693 67958 219055 468034 25183 98441 917870 238938 50862 532649 721397 133052 490838 166931 605145 180325 84747 5233 117073 523758 270574 877222 931410 451338 775989 549377 84865 265133 30848 472781 139344 354393 396944 299354 184133 670359 625849 978766 2361 80961 28934 91574 990182 135 15271 106118 61662 318645 25448 2481 53896 168129 17610 20610 438512 31568 165790 820159 535600 490969 11793 144118 990798 216222 194493 70672 721525 50727 333456 147288 88351 261611 597998 74120 952470
95778 15
40251 451513 117796 220004 396576 623424 42321 21013 927403 891999 231506 538036 15790 1311 488493
21211 41
909 199197 127208 186807 253121 260881 92108 149403 39412 12956 31116 219802 786066 729513 858580 948104 442189 362 173165 256059 72064 83287 679307 11735 599605 77294 178593 2100 792948 381591 49437 998482 93688 585348 23008 903546 84286 151362 6880 525679 872292
98596 79
625343 950260 222523 105537 414184 790325 515565 199541 176506 613028 10751 731609 19326 3803 394812 624374 16352 129270 108308 15337 996466 70451 53998 114359 12754 70617 545536 51063 21700 135138 644824 812825 1894 141437 430767 851931 853934 986859 344077 158438 60982 26869 724303 240 1775 225240 139524 43259 123107 148078 347431 854722 33030 290242 795479 78528 132718 142438 41148 880738 167001 554834 515701 638041 397759 538 24925 206637 518017 482256 128447 455601 10103 553 85214 788641 73519 397056 100353
2203 90
346544 163663 1766 121884 90124 46998 3649 104 7217 192749 728193 16515 43238 981464 68854 654164 365582 169060 695079 16460 18149 353 814414 283236 16346 995185 258049 751324 2141 468114 32077 964116 7235 13792 226097 741423 118105 21364 82787 24354 119265 378854 741173 953702 544929 184238 118056 936617 37110 440396 21812 532281 277274 580336 387 53535 616927 503226 557688 116141 897463 832952 742458 5945 44737 448808 344376 163908 92453 105946 407764 394175 323698 5531 364634 320580 915022 284383 521150 47351 752426 235984 395919 1542 130107 34561 56504 83348 376480 47406
112609 16
39867 111946 164193 85891 832099 164941 135674 673367 24900 265133 119826 368845 830948 35905 767664 452946
15176 53
822495 80003 491233 11006 190294 185444 31653 19467 472007 1357 927245 3753 921 4875 1627 111108 531898 301004 20906 237793 676466 81613 157 459118 185014 632251 12257 660602 934767 33576 441398 21115 604881 586607 133690 161357 410855 24176 250474 127708 262369 645326 305389 825398 116553 119109 13215 57977 7830 127582 850911 995497 953435
89515 73
10315 546018 80422 750698 309573 283801 44036 315552 145149 235419 4267 975827 321054 456057 219847 27547 7321 722163 873106 708116 356338 992524 350695 182600 1601 73944 40968 627283 51860 752137 179704 75307 238921 172322 269068 654965 812843 756974 998180 632722 110937 55287 847132 731255 266418 280043 654175 615565 10295 63867 645339 802163 590599 36419 463999 858213 441788 4448 197340 281830 151879 240582 4389 258611 275747 51284 193618 589820 305291 755790 1128 415499 61764
46901 80
668995 4303 503415 886968 231848 162170 1784 846219 1770 959151 268058 86141 829481 637023 58534 6798 111766 13120 279838 221 84626 904155 81260 7484 35991 122984 161139 26837 273483 791802 9052 453 107357 368414 402028 18044 11042 158536 118422 477150 966108 140219 20074 137678 4871 260296 165007 411446 257549 392796 183446 67690 94253 176505 2457 119009 2934 189828 700268 312397 605148 418710 478976 721196 444878 406511 719535 183383 588542 208815 199802 340266 484030 507619 272351 60977 244895 1691 519701 4
13932 24
222402 109875 865154 1137 125761 12313 424494 135497 416795 689937 297985 22269 925359 43606 118081 234894 645135 794983 229043 132372 475181 274917 321330 351622
73243 69
103755 396086 70520 650 415675 4955 508152 2582 224125 302890 2263 154179 96219 680149 517917 75016 384455 475652 568666 6275 1286 267627 15600 320266 981 66759 541249 110397 190188 18778 585232 1796 56584 460855 24209 15522 716932 895 271586 86037 243041 911812 160168 24044 519782 14793 140633 976932 312071 70682 3989 334853 834300 714337 803195 360463 504562 92188 562377 596435 269209 398005 561563 868493 731116 297331 785899 4769 78857
72686 48
204 563689 17033 818110 886094 386979 118148 806117 152086 396467 81255 295279 6983 136016 2118 104655 50517 657505 301085 22913 943006 481111 998257 489936 37999 150171 938793 82146 47110 586766 9300 895378 449850 872120 368430 123483 488920 25481 175522 961813 86138 10749 40249 97506 61441 18882 850786 183486
61233 34
552742 14052 41898 524811 910603 747527 663410 230631 279785 210433 73624 383558 224765 342828 312861 65090 19950 284806 571279 98656 39653 24035 151600 632020 10567 17823 908761 89010 209281 132076 24170 7268 855012 970
168620 77
350699 436733 414354 97087 4516 86640 238981 213987 1622 4204 244 499667 400927 124789 110588 95453 15627 496179 204041 341960 456484 346831 46981 307105 434515 574734 174724 537090 544061 137639 4627 36174 2030 239814 214451 627516 98050 314 206736 122766 203848 366270 809067 134471 196470 261223 371931 184354 43631 272240 259379 30297 943535 306591 611977 88667 185326 303402 177843 716992 497094 444982 45573 38431 4848 228309 96980 869467 971996 995891 5912 192428 349877 671289 149766 102483 2247
7693 47
618066 402209 14673 71153 931336 86227 451306 553676 25560 788014 464410 27570 475918 366169 18018 142990 162307 291154 408631 76022 21730 30234 83415 303200 376225 148724 695182 10694 11752 290509 139886 599517 928056 176570 520541 197135 140 341651 191983 757229 190673 228908 39476 718363 4842 141277 6816
247211 24
669412 478174 586654 917914 638629 451006 704180 38671 261482 143176 219551 507064 101791 171754 6569 898269 88221 12908 253208 222405 338102 418160 121264 621273
6446 53
2276 3038 262809 34694 34469 747265 218785 213832 103913 811911 176646 117623 75442 61800 250236 62520 40109 857250 121724 867613 101674 716837 15056 38839 498356 216416 332884 581989 568418 307845 828162 337012 202488 40069 977127 175736 268401 25298 512579 153950 9508 524994 1216 334227 207563 239800 543378 751014 231650 547109 24657 24348 3961
52896 52
451774 137716 11078 86692 63384 975138 103656 40899 277797 15415 656476 385519 414495 98808 578339 36089 238900 444 392904 693869 561387 208707 540977 921377 43289 194361 46998 38912 290100 52554 305 477857 18904 279814 921234 66555 86937 679577 452968 67757 396368 7395 840341 588819 892200 7447 441354 429671 296207 72891 397080 780540
1 52
904469 75507 495409 566423 66062 679277 43371 805627 2632 68300 643276 49551 610 634871 17559 79629 3078 19019 259227 53272 10234 309885 322158 37928 863946 93153 514376 17350 241786 733933 770954 145112 197561 177603 6905 1059 822276 21899 65702 32507 940125 3629 1949 81309 633871 745 54535 761850 942527 773643 67760 151931
220705 92
60801 165434 143161 384649 792195 200851 30264 57959 172712 7155 29587 621355 246749 3524 896487 5361 21045 189284 586771 4278 10650 14984 313529 281783 690155 665636 20302 21959 284403 90498 623624 131302 935659 745334 646035 92365 860620 1018 4210 42847 141445 38 737254 474541 814574 945526 13669 950486 478345 104938 531194 646889 494779 26309 27408 58831 38086 380034 24840 61221 270374 881450 251577 204784 52785 127393 22125 11034 626080 626115 910481 174755 51054 894255 246933 748167 545553 255723 71657 14196 519616 18691 373446 51559 142205 220350 170579 422707 420391 114624 227278 2017
109779 91
856597 25306 814269 12134 629670 220565 295886 370245 296273 37057 340428 6366 96083 67499 106197 475570 6631 167892 388888 701900 306645 260142 89024 69 222388 744799 395782 471406 576573 2684 153550 530893 318209 378486 762502 248321 831451 6844 20691 269552 112424 534010 362950 166147 679508 71656 923222 2911 1 61372 145279 532025 117502 772144 979775 154 619653 229120 13013 376970 946567 377724 91847 806278 547122 225972 239400 350633 39986 856687 374733 828126 2497 68040 175577 9699 303 710809 245574 403 6249 44286 602117 133059 190063 18360 31816 2248 82321 476066 169458
161595 60
399074 313903 843430 554263 934520 940033 3302 739810 588041 388381 985146 5514 716257 106953 331389 133688 581120 75388 144682 46872 674363 502215 321081 184916 316052 2068 30244 308064 30116 935177 686880 10399 75373 249543 264937 90796 166785 632450 813383 804063 564381 208186 35935 36677 96907 192 807330 143352 3 653859 196265 701891 204813 65486 528843 376631 828479 358444 673834 110448
142742 59
239 92001 761833 922819 722874 602175 642 124376 961892 18105 695884 765160 274977 662747 64969 89178 727349 120364 309529 192642 265671 281987 285812 140814 314355 367071 284512 92 469295 303554 94535 37650 509697 293823 286684 890617 338713 968307 956423 322759 763321 744 182216 502826 172047 35950 729798 388 86051 732960 42981 26826 57680 872387 20436 482891 76314 976800 258230
46634 54
500594 427461 179561 865386 442603 380377 11422 403736 504082 238056 1845 777601 136157 47760 71494 245585 225936 33584 486132 297607 4620 581878 21583 786196 146004 161 3893 434431 320130 449583 377404 931825 581607 257960 40131 274282 141485 2280 82186 342657 44412 873772 110638 840671 42576 7907 289962 95823 207310 168885 528599 7577 865021 87652
42778 26
37228 557699 967225 474088 554062 836583 542266 259092 813821 46701 877209 552545 936024 982970 181345 248 86869 46508 620764 702 142417 37248 617421 198718 33189 578202
818 73
5219 351768 24090 250261 71617 880055 151708 699850 843679 401101 277438 24233 10753 598232 361140 1530 785090 530 13283 926 184739 6872 179050 595057 299841 1176 415575 898542 658615 210452 101009 96548 15708 123414 6915 230 47079 23750 309591 191018 790608 98329 183845 7015 241552 485274 370969 42944 8628 603531 793527 303239 283775 70389 156895 410121 693083 807089 209628 6310 218743 396746 930534 435927 26535 304781 692214 236341 71436 456903 81550 666207 32460
2626 46
7816 324337 700797 360305 777702 235902 895221 45071 225379 136064 404122 115104 752946 79855 676312 435192 592960 43585 17732 395802 208611 320271 938152 571295 57222 451242 209179 222148 913624 222467 323576 14971 315311 234253 196491 89275 112757 10151 820262 15845 382973 4086 231941 588135 269 841228
95920 44
50861 427536 6658 68028 705738 951274 261506 98405 31479 2255 98979 64810 136999 451629 74008 131893 696464 612092 11869 6282 944115 12803 953575 412603 126460 79964 226184 385523 1568 46728 22534 645418 409219 323230 120 132071 21046 977556 60471 82967 40301 164977 36973 766564
42671 32
687756 421806 538448 44764 103756 18624 5650 185977 133426 191952 70197 634951 251609 114043 389864 338094 497775 409446 61178 136286 342888 1207 753813 123687 560067 421564 187 613689 933755 446499 158 887462
245359 57
4038 273377 502475 3148 446318 180713 107761 23285 21861 256135 395242 175904 194268 78017 207803 14084 621410 42460 31762 351032 138632 97332 761925 11471 54528 433730 126600 136771 9729 964874 95813 44659 9686 706248 81836 51448 756084 55331 214703 356276 49105 386970 25677 372247 619746 984968 451651 895937 642032 512665 77402 49378 632390 186800 756937 928969 294587
45067 89
291165 266997 690189 6527 126164 904999 473794 142379 142027 326337 240014 350716 282977 431363 907810 247370 87045 289702 886628 503776 180285 231279 329136 108664 517113 9579 817360 390211 279522 146641 22372 22698 48227 1173 996933 855028 253714 3325 357692 211533 635706 631318 126468 4215 246864 76 30354 14244 69835 122449 822103 187589 850179 946887 76316 5617 602794 844642 218119 175362 217611 945225 922401 24435 10631 902223 22635 17131 822069 863842 888205 9373 100152 524127 507010 307745 78789 156891 10274 19737 30368 38971 808093 104980 332214 652991 671035 29571 59901
2283 40
199400 1 45216 521968 562532 133303 465199 557176 74214 696875 199694 61854 104228 558215 362458 5089 755138 750844 245538 510619 25931 2451 450631 776884 7026 229299 29693 676290 815437 293495 99972 32001 355577 856994 41992 687721 705400 716348 41153 23069
4628 74
47603 838136 4293 553911 316800 222600 286871 184695 3386 20774 291 138437 13157 18762 87164 70008 191341 463576 11969 468686 197926 538710 150324 127365 737604 31261 982971 1784 2594 362140 68456 104988 128461 661359 286845 705127 216585 176074 238395 578554 347347 371056 40579 8867 596343 137397 349635 357 707244 2033 50810 48677 265314 5911 57536 653335 76128 514820 2782 52360 905172 285796 32458 277104 945203 2634 224429 361219 114283 549162 97548 358318 180862 1521
237244 17
644419 716982 667140 878940 100983 101399 674831 315510 162436 50366 746518 711833 467330 465759 776776 35856 639
10895 62
19855 448405 9171 160073 795929 18100 824029 65386 206911 8304 44724 51393 52667 157681 276151 478010 524642 160745 907637 739729 335718 6881 5906 159209 494947 281860 132896 100472 190522 358145 87263 559624 34048 427803 207093 19531 43461 787646 169725 290600 255453 454030 941 1131 753729 825536 540601 9636 332181 689768 18110 148656 851678 197872 111602 405542 229336 835506 448172 231 24485 741035
17531 71
455737 35056 977749 599122 728224 9073 21204 36390 44116 546768 100930 232512 4562 181429 15170 288312 54864 919706 219603 105705 299174 529078 8212 620188 105384 475820 570740 24870 652679 75 70001 413561 887601 679259 35791 45305 669573 553360 828997 797230 188798 579459 35300 559958 33415 230865 20407 876488 332539 7896 475861 126807 115121 151092 100532 752129 3026 300640 111695 240941 954642 8609 690118 181190 230087 462497 338182 176498 44552 17109 200332
184348 95
184832 87341 21205 271880 832991 513146 152954 48549 417758 820150 320947 401403 761202 908871 23867 781693 6971 422013 73433 357707 881091 969958 96213 28080 941541 755043 186142 12154 402763 8660 4857 21602 210172 221114 50800 230677 460891 10251 371775 30619 381408 719203 774646 526731 822913 13207 92294 474 485857 538945 184641 694306 304966 29549 371799 147182 695714 75384 79028 982623 29004 152920 895421 743832 526712 244575 266336 738180 105505 762662 68368 1004 283863 241644 195690 984695 164547 188330 30784 529210 186947 2183 6476 24737 320157 116329 243072 23356 252879 80799 118252 314946 103283 177048 41110
45523 24
573828 234652 4779 21319 2904 217029 164578 32497 2896 97431 98484 332177 721536 2998 239854 417417 547433 86186 256224 383291 5596 44067 424232 518230
76643 45
629066 455424 144055 751282 48235 15998 25346 92034 848139 164450 30760 604558 862254 503301 463171 210844 297202 775920 144736 38338 208352 741402 80321 7572 715914 132872 51258 30614 180773 875900 522787 7951 874669 114 200906 265196 440838 250364 1058 493157 886164 323 92407 874752 990865
1975 24
239919 64 313783 404331 3753 305518 83410 409763 488424 2133 656469 103508 57093 26148 9842 290928 36356 2877 121082 597680 236838 615712 970200 294571
2621 37
189914 100291 107206 118500 776406 133554 337901 21422 27338 937283 63865 180006 754499 9072 472684 337361 2482 540932 111884 403687 5568 60066 483635 37890 611826 36381 472661 84 896237 722561 133659 892909 640546 463307 44570 197452 433138
175294 42
66 62740 376877 764442 189779 180781 558878 529227 70236 185 315024 248051 787699 70220 217331 4448 859994 687583 962199 720839 274614 61 2086 395944 847 843951 644096 65196 821884 2850 95 90384 268312 13261 570733 953127 419574 392553 337070 265370 32351 270282
99457 29
201382 669796 11293 494115 130377 978489 878691 202681 26624 3406 41142 835191 385530 254809 138220 822497 80239 196980 2050 416451 122841 333247 2852 313090 1757 11533 377929 328707 30710
104764 81
63 290699 13790 510357 27069 364944 191677 213345 156510 489851 15157 701443 825177 393263 536102 767801 559917 174584 41132 37 269681 498006 19834 380499 153004 25252 342143 226358 739001 39257 366771 356692 501400 501749 78615 732103 56983 1973 4052 75422 90290 450199 195403 352128 9260 565142 1497 422035 672269 442677 951002 164744 682279 435681 547729 842134 120069 166199 473349 507073 364681 472341 48846 58352 41521 467916 103157 60410 636903 765604 617209 12534 77950 12754 401802 439718 12535 166688 413651 836018 115186
67675 17
687707 12394 709932 277840 3915 542325 526502 157158 13908 40575 125524 273242 445108 249404 18482 550291 60033
20524 86
930787 136250 19901 616477 4304 3905 142558 738307 46997 913583 60160 255 221147 26019 890507 365124 147 62765 65801 625497 145516 305923 68296 427268 226540 39246 689548 823551 2185 753 706689 685372 561048 761237 54975 236716 350147 180506 344803 251634 797316 393147 67208 309934 230528 847663 10218 352486 77313 44936 380442 28994 218219 750539 535971 13028 184981 525141 209390 994115 193599 79091 66357 512408 2930 177280 178936 118227 404179 9086 105454 7159 11306 549379 211419 540842 345819 873647 679790 605891 73713 32835 799704 47703 139626 69523
94240 93
57764 300767 748547 748539 808973 636620 96632 89335 176446 623390 14239 300459 217439 210506 379157 404586 1 12484 18940 107958 489 423212 151362 261652 68345 217182 211423 582296 37440 529 40863 240173 56571 225255 228139 195864 801725 684601 744896 156729 440369 93583 932202 512255 932074 11824 420054 885641 91825 3231 5126 32061 841575 20602 426718 185167 204026 603273 68652 19600 843903 46681 115 851014 784085 21867 98537 534491 223207 431217 745712 151486 68110 221044 238053 102891 52808 732214 636094 2896 101184 321428 149334 9367 52438 224230 2883 306065 848559 93064 267186 890983 1163
25696 29
2 209618 24918 126677 183482 998731 388037 47145 422641 23495 164545 8802 674167 206517 533698 994391 596502 836263 993430 668427 125626 376952 717247 239311 12361 995525 47584 25207 147434
32199 87
36669 1218 542615 121711 667837 624496 285447 165352 266390 212188 567185 655736 4181 647951 770711 834284 37010 79964 621754 690134 173509 674610 283133 40530 943899 497318 979916 7997 17877 953021 717511 4043 246376 441155 336597 63964 88794 30097 849909 376153 673311 79316 54581 224082 855670 213607 48466 832671 954730 276934 51801 614964 488383 1037 393782 33924 56328 857344 128546 19664 9330 328836 692028 21336 48297 889989 40128 503832 11803 559722 90118 662823 522013 70248 627 46171 11934 16571 300740 749738 387170 165927 500611 887035 364560 114 924111
10778 26
173886 458742 646063 131217 775359 51267 783765 866846 42562 332274 10578 77477 958689 967149 770566 509544 602069 947216 20973 186283 552465 108556 593683 619812 18941 83824
162354 35
27899 459169 808517 682925 19172 9268 62461 770008 80688 393442 522391 886302 475070 96729 79127 27681 156578 210186 458643 756776 697485 51355 618540 714293 155729 62961 5764 42039 92702 71841 30844 295766 175457 10987 151512
101607 41
873775 231660 117161 166573 35446 27284 255011 181464 917374 57225 74765 56087 753331 45271 495864 543198 81007 559634 62851 197843 93530 79726 229366 406963 650865 319530 670511 128722 652888 227227 948223 808 132514 839639 533169 695765 657666 426357 475497 487112 457742
41124 53
21377 179893 375540 114370 189599 385700 19376 617517 43561 980168 80790 25920 657817 363815 9332 350734 944858 694675 781177 441891 13002 10 18307 820452 833733 4672 916381 14573 657927 378328 666086 206543 424356 316933 87429 160711 779501 285315 593201 687406 275309 979283 440022 413536 537653 645986 508617 4152 167521 191897 90003 19857 110411
60649 72
2851 518912 161326 940088 828843 267370 371730 18095 198440 404477 212250 100424 43257 228847 2359 200670 145394 47142 344338 54983 111516 484799 165379 414144 399593 68140 698097 32257 573232 8725 264234 97757 725377 29600 176159 203610 7857 677518 8566 634313 136832 285127 287017 485291 648711 167571 27923 148626 623025 65955 662190 570710 477044 52237 292073 107877 449894 250794 32235 194669 101767 924267 807260 390352 399778 260054 879744 6369 12242 339562 15248 875523
77563 80
788226 750356 52257 90592 40224 434301 658036 290125 27838 861382 806092 66798 351690 410 140738 7029 23726 15926 224867 213992 33388 138038 387566 635601 706974 23191 305969 711053 421074 830475 391713 855566 65762 576641 54694 16098 279786 914889 840361 992248 295564 114501 86189 329709 14556 838728 562783 372760 653524 8981 518968 58047 703080 503642 757634 685643 741681 281864 15576 96105 647683 622404 118044 156072 169782 39167 678546 625944 257640 56330 1231 889436 120092 24 338741 25035 416113 309456 88352 405306
66386 67
79235 778007 7342 233417 333341 51359 898188 262404 532278 463755 252583 9687 6910 348789 199187 893898 47140 307906 552805 28638 936723 872391 693877 601350 444631 158334 2809 47108 633509 567859 24811 939012 650401 964773 900600 812552 843388 515294 96803 1439 157208 826310 131481 69883 316207 67002 409612 4306 37061 778 202015 619418 67683 133909 863867 18416 544011 633443 192840 18597 139081 78547 6545 61818 153040 371719 380235
57358 86
25437 223146 76485 61644 161072 129227 219358 925026 241728 592782 20831 33391 7192 816447 14992 467095 138452 138309 467999 352062 14639 851666 566564 20942 227116 91189 906342 651576 438661 121747 987948 284387 511 299954 36762 23537 776009 43205 79171 24255 921261 56027 90682 484269 647249 407292 137703 714503 355 687392 2478 829314 45554 329375 464153 98328 131653 607648 12983 558320 435171 65069 96460 345697 89969 187644 357032 24645 48148 712585 519227 140347 10938 842186 488697 323549 328 317597 4 401230 6641 770 47206 255071 165429 152148
126252 57
358681 57 347425 62430 527946 510391 467858 108531 678020 758267 394800 572489 22060 149310 803450 572737 449043 15307 157345 8340 223057 134711 984642 198790 7521 57841 874484 726137 631 335738 885585 84177 11343 682492 142141 955332 51238 269488 129114 1848 17369 63334 128404 927360 402527 368842 168303 656891 827049 240560 449117 344376 51674 74185 61195 31148 250450
9621 84
189280 116731 454253 4284 536777 24956 15949 51978 215832 50075 46787 439106 869979 583349 3564 1602 7 763436 684115 175249 7976 451711 50111 395595 141674 910151 510226 582968 29534 8204 548406 702767 3267 124186 8875 253645 674233 943026 335522 421694 15336 33224 867490 365022 657365 751627 7951 320705 899103 612043 753484 568077 92680 356930 203200 78125 445115 93949 9394 37997 374372 15815 8556 324852 845655 191068 387906 11314 11899 1974 901476 620240 131376 799989 128647 11183 2478 37740 671291 583755 963875 59165 250757 109790
82882 49
398645 759226 554961 607971 16141 144860 415634 61425 238484 9686 30819 470619 13606 252 186091 57573 24971 217531 41647 83393 77179 106904 5054 787494 7868 758433 680552 2361 5958 366642 283096 691218 916792 904073 7021 381700 156943 213251 827981 370301 55416 458893 337594 266579 332883 815996 787179 4436 775988
118694 15
13805 320483 60449 281508 759882 288656 768927 12120 303761 129749 38530 979172 161 475184 38
144460 39
168430 359547 192502 704098 92994 708 688351 921941 199080 714 409793 928821 190538 44297 108603 3591 519605 135703 42111 430663 451297 269002 559061 344843 724115 70814 684749 544216 951898 13855 301809 135612 638193 1674 269664 334077 341270 353043 166939
44188 40
190424 479712 43307 976982 339255 661119 327102 23533 220285 837285 492487 1503 22040 807 14431 49671 713231 17009 208106 800278 166782 223087 614668 246805 295410 43556 101779 236936 264045 130740 314007 742524 203256 93420 37969 941116 70031 531363 246908 362225
246102 95
718277 3170 22774 204500 213290 25483 620 332975 563757 179269 1164 731699 675 454706 810769 332290 396634 134155 342927 2983 136652 77279 57340 450622 417330 7926 61301 583034 10176 291577 15391 175913 355456 905697 638836 733269 278378 19071 1927 359303 72034 730342 868091 406202 399016 371239 32 845418 557229 269596 563066 72132 294862 40883 247859 845333 72278 12839 294699 348515 75555 335010 120118 74791 12057 29027 724516 177268 32630 82999 344267 233152 502593 701116 652605 903192 105232 707764 551433 20393 955752 632138 974155 680230 292946 644118 59140 701478 210191 523645 855582 550711 722314 459743 517635
240926 88
77306 416855 170732 323189 121395 61847 982 133606 646088 33609 836181 794604 724064 75837 10377 352158 283712 12747 114408 10490 25301 62974 887148 21 764111 123748 12604 340421 239515 994942 43531 255941 606449 375953 166808 961064 225571 211801 168842 711371 191712 963854 66342 506455 276799 97903 72933 174414 796069 449859 848 220923 365868 140196 58635 7934 54533 57111 693680 28721 10192 947735 473915 735585 14588 931183 128460 6990 377897 435706 243946 111246 146 9608 17077 575863 82207 285110 32358 132181 418842 41647 75514 26599 590111 24380 902220 21622
33187 88
976892 407094 986519 108085 100783 562323 769186 492024 875380 36969 50415 73 81540 78490 863 395662 56814 606854 717323 962351 539216 18132 627187 167574 98939 34909 523601 50125 298520 825180 972869 134584 529098 27558 780686 24485 40159 983416 730259 692998 991042 589920 52219 77179 861245 213939 124207 29295 445233 513612 482148 700311 708015 82330 148903 399570 72602 904881 761837 135116 103104 186961 166633 492503 5000 674438 605227 905 320478 572111 260876 409826 155842 324260 708518 305 168644 294139 246005 443564 4782 134793 753392 199929 192935 293480 805115 935029
29770 20
20484 223923 150339 127134 747844 29108 481341 12206 113270 68790 40150 93 51670 273799 648065 807765 8143 425913 118363 346910
24098 63
70591 107010 10572 30070 42250 199952 661731 208599 42437 60700 44 981 413180 368352 735851 10912 433376 123733 99653 881219 687309 624498 140482 76097 808025 428999 193042 919658 28211 1861 442906 41873 230 916579 71377 609 187750 264175 2020 507 767901 1 14809 334345 480591 95475 7388 663798 1170 220417 467470 781937 764530 155602 112870 574665 386192 186697 905337 375840 23290 107592 16545
176584 54
210 9461 730224 48365 493942 236073 508516 974764 7601 401884 6572 165375 24845 352250 72024 165731 17091 306979 614102 1534 26101 401258 286461 973479 27342 271486 61686 852002 27470 401373 62766 93512 683211 120395 437260 7751 900951 118486 698732 932287 252631 234228 87652 186032 980388 242860 315489 26907 35706 99747 113500 32349 129045 968131
10829 49
804858 50057 826833 944516 480142 135850 811245 297559 864520 132786 508099 9855 609825 182860 1630 161678 962818 36088 523905 496331 196577 14663 140264 984935 239464 747538 113225 530309 998409 16283 395581 200089 601482 244467 929981 875178 337836 338 528007 75920 13323 348 406959 332471 649330 719605 2766 150126 2732
