100
3 8
5 6 9 4 8 2 1 7
3 1
2
3 10
2 4 8 16 32 64 100 100 100 100
3 10
1 4 4 4 4 4 4 4 4 4
100 1
100
3 5
11 20 60 22 100
2 10
100 100 100 100 100 100 100 100 100 100
3 5
100 100 100 100 100
3 4
1 6 12 49
2 6
9 64 19 16 81 80
1 10
100 100 100 100 100 100 100 100 100 100
1 10
1 1 1 1 1 1 1 1 1 1
2 8
37 14 56 60 6 14 2 96
23 7
14 55 30 1 6 78 19
22 4
19 3 11 2
3 6
50 38 31 29 9 1
12 2
1 96
10 2
77 94
22 3
9 21 7
22 1
7
1 4
12 73 95 31
14 7
4 25 3 9 1 19 12
6 1
29
11 9
44 64 52 1 44 43 5 24 4
3 8
1 24 71 4 7 9 3 71
4 7
32 12 33 77 1 1 91
2 2
15 1
5 7
8 9 7 41 65 1 1
1 3
50 17 26
17 1
13
1 8
20 55 6 81 59 96 13 16
18 5
3 6 43 49 1
22 8
15 36 22 2 1 76 17 50
1 7
82 84 24 42 49 1 10
14 8
36 2 1 2 21 25 3 3
18 9
1 90 1 49 30 64 70 87 24
14 8
41 3 45 86 81 9 9 1
12 1
1
12 7
42 84 10 24 42 66 45
1 7
3 60 7 65 3 31 59
11 7
20 34 78 83 6 59 7
10 9
4 97 12 18 78 2 15 25 6
21 1
17
4 8
96 33 13 11 27 1 28 30
5 7
17 46 52 1 25 3 44
1 9
36 93 50 1 15 53 10 14 9
5 3
26 15 4
5 1
5
19 3
6 25 48
21 5
18 79 19 26 78
6 1
80
15 5
90 11 75 3 1
9 4
89 31 87 28
15 9
92 6 29 4 95 1 12 32 1
5 4
36 3 57 27
11 2
23 29
6 9
48 82 8 91 3 18 3 18 55
11 4
54 90 2 58
6 6
1 97 94 4 1 86
2 5
36 5 96 64 28
16 5
6 4 42 35 7
12 9
57 8 83 1 30 95 10 1 93
3 7
74 68 81 1 85 22 6
1 7
47 2 24 2 17 44 57
12 9
93 34 49 19 10 48 41 57 1
13 7
73 1 55 27 52 52 58
1 5
83 64 32 95 27
14 7
39 24 2 28 33 46 4
4 8
25 40 99 5 16 14 20 1
9 7
73 69 38 62 82 77 10
3 5
1 63 24 50 73
2 4
76 9 80 68
18 2
2 26
3 6
9 5 29 79 2 7
5 3
32 62 3
23 6
15 30 32 57 23 90
25 6
75 1 61 5 23 17
1 6
52 28 64 15 8 62
23 3
76 99 43
1 7
19 23 24 1 2 14 18
22 2
4 40
6 2
15 34
20 5
18 81 35 39 1
5 9
13 16 28 1 38 2 29 50 7
18 6
59 45 69 87 85 25
17 8
3 1 5 1 11 5 20 14
1 6
12 5 50 50 27 16
6 3
53 71 24
4 8
39 8 73 1 92 91 15 87
22 5
27 25 10 77 28
6 9
27 71 9 10 61 8 24 66 77
17 9
71 1 15 44 99 1 54 72 89
3 5
1 1 24 72 35
2 8
65 3 73 2 34 24 1 4
1 5
5 23 1 1 29
18 3
7 1 15
14 5
7 35 74 33 7
20 2
64 77
14 7
14 12 5 85 40 95 34
17 5
31 84 47 31 23
