50
2
2 2
3
3 2 2
3
1 1 2
3
2 3 1
9
104 101 117 111 117 110 119 104 115
3
3 4 2
7
174 149 143 140 121 136 130
14
54 88 77 75 71 74 85 60 56 80 80 52 69 71
26
33 44 42 35 33 41 35 39 35 45 41 36 38 40 51 34 36 31 46 38 36 31 35 34 47 44
26
25 1 1 1 1 1 1 1 1 1 1 1 1 1 1 1 1 1 1 1 1 1 1 1 1 1
3
1 3 3
4
248 288 253 211
3
2 1 2
3
2 3 2
26
35 36 39 54 42 32 40 36 28 30 30 40 50 21 42 43 59 35 31 36 46 36 35 43 39 42
26
133 18 17 20 17 18 18 18 131 155 27 26 22 16 21 14 19 21 21 21 20 26 20 17 28 136
17
54 53 56 60 57 71 65 50 53 55 62 56 62 50 64 67 58
3
2 3 4
3
2 2 4
21
50 43 38 44 49 52 47 52 60 46 42 46 49 48 37 49 49 49 48 42 56
10
9 1 9 1 9 1 9 1 9 1
26
35 37 33 37 52 31 37 33 42 38 39 35 45 38 35 37 38 47 40 44 30 41 33 33 47 36
24
39 39 39 47 36 47 42 51 31 34 54 43 48 42 47 44 40 40 47 39 41 28 36 46
26
34 37 37 39 43 32 41 44 35 43 42 34 35 41 46 37 32 45 36 38 43 32 41 35 44 34
26
1 1 1 1 1 1 1 1 1 1 1 1 1 1 1 1 1 1 1 1 1 1 1 1 1 1
26
38 37 37 40 37 33 42 42 35 48 45 40 44 24 35 42 34 31 36 50 40 37 35 44 43 31
24
31 44 45 34 36 38 50 40 34 37 40 37 37 54 44 48 43 41 45 39 42 47 40 47
20
58 58 53 57 51 39 41 63 35 47 46 45 58 50 44 54 43 53 48 50
26
25 13 17 25 21 19 16 19 25 14 28 179 18 17 23 19 15 20 210 21 19 179 17 11 17 13
26
35 49 45 34 47 48 38 35 33 35 40 27 41 25 44 36 41 34 25 49 43 37 39 40 45 35
3
4 1 4
24
43 41 38 42 36 38 41 52 48 45 46 45 47 30 47 34 41 37 40 35 45 45 46 34
26
36 40 36 34 44 34 40 44 38 44 32 42 30 34 34 32 32 37 42 35 56 39 42 35 43 45
3
4 2 3
26
16 19 25 23 18 30 185 22 14 163 183 21 25 15 22 20 22 20 24 16 16 19 28 23 19 12
16
1 1 1 1 1 1 1 1 15 1 1 1 1 1 1 1
26
20 1 20 1 20 1 20 1 20 1 20 1 20 1 20 1 20 1 20 1 20 1 20 1 20 1
26
23 23 33 22 23 27 20 15 131 24 20 20 22 142 21 15 120 21 10 26 156 18 12 16 14 26
26
35 50 44 41 45 30 44 53 28 38 33 35 39 34 37 34 41 35 42 25 45 28 35 42 40 47
3
4 3 1
3
2 2 2
26
265 271 15 25 23 26 18 21 22 13 24 22 25 22 19 11 21 14 18 13 15 17 11 27 25 17
26
144 143 130 136 20 18 23 20 26 25 15 19 17 15 27 24 20 14 17 22 28 22 17 27 12 19
24
37 55 41 44 33 40 42 52 31 37 57 41 36 35 44 40 42 51 47 34 43 33 39 39
17
46 53 57 51 56 61 58 55 61 54 54 72 68 67 51 66 68
20
60 58 49 49 50 52 50 56 47 48 50 52 46 55 43 49 44 48 43 47
8
121 110 138 132 129 126 122 121
26
39 32 38 29 37 51 48 38 37 39 37 47 36 39 35 38 36 35 39 42 39 36 44 35 34 40
26
188 201 179 19 19 17 19 17 15 15 25 13 17 22 15 24 20 27 11 27 19 17 14 22 21 17
3
1 2 2
