25
3 3
1 1 1
1 0
1 0
1 0
2 13
2 2
2 1 2
2 0
2 1 2
2 3 2 2 2
2 1 2
2 0
2 1 2
2 0
2 1 2
2 0
2 2 2 2
2 0
2 0
2 20
4 2
2 1 2
1 3 1 1 2
2 1 4
1 1 2
4 2 2 2
1 4 3 3 1 2
1 2 3 2
2 1 3
3 0
1 2 4 1
2 0
2 3 2 3 2
2 2 1 4
1 1 2
2 0
1 4 2 2 2 4
2 1 2
1 2 1 2
3 1 1
3 0
1 2
2
2 0
2 1 2
3 19
1 1 1
1 0
1 0
1 0
1 0
1 0
1 0
1 1 1
1 1 1
1 1 1
1 1 1
1 1 1
1 1 1
1 1 1
1 1 1
1 1 1
1 2 1 1
1 2 1 1
1 2 1 1
1 2 1 1
2 20
4 2
4 1 4
1 2 3 1
1 1 1
3 4 2 2 2 4
4 0
1 2 4 2
3 0
2 2 4 2
4 2 4 4
2 4 3 4 3 1
2 2 4 4
2 2 4 1
3 0
2 0
1 0
2 3 4 2 1
2 1 2
2 2 4 2
1 1 2
2 4 4 3 4 4
2 9
13 13
13 0
13 0
13 1 13
13 1 13
13 0
13 1 13
13 2 13 13
13 1 13
13 1 13
20 15
4 1 2 4 3 5 5 1 4 3 1 2 5 1 5 3 5 2 5 3
1 2 4 1
3 2 3 2
2 1 1
1 1 2
3 2 3 5
3 1 3
3 1 5
5 1 5
4 1 2
1 2 1 1
5 1 3
2 2 5 3
1 1 5
4 2 5 5
5 0
4 15
2 2 3 2
2 1 3
3 1 2
1 0
3 0
1 2 1 3
3 0
1 0
1 2 1 1
2 1 2
2 0
3 1 3
3 3 2 3 1
3 2 3 1
2 1 2
1 0
3 10
3 4 4
1 2 4 5
5 3 4 5 5
2 0
2 0
5 2 2 6
4 2 1 2
6 0
5 2 1 6
6 0
5 2 5 3
10 20
1 2 3 4 5 6 7 8 9 10
5 1 5
7 0
9 1 9
10 1 10
6 1 6
3 0
1 0
8 0
4 0
3 1 3
4 1 4
8 1 8
9 0
2 1 2
5 0
1 1 1
2 0
7 1 7
6 0
10 0
1 15
2
3 1 3
3 0
3 0
2 1 2
3 2 3 3
3 2 2 2
2 2 1 1
3 2 3 1
3 1 3
2 2 3 1
1 1 2
2 0
1 3 3 2 2
3 0
1 3 2 1 2
1 1
2
1 1 1
2 20
15 7
14 1 10
8 2 3 14
10 1 8
18 1 10
12 1 18
19 2 13 12
4 1 19
17 2 5 4
5 1 17
3 1 5
20 1 3
15 2 2 20
2 1 15
11 1 2
9 1 11
6 1 9
1 3 15 6 16
16 3 7 1 1
13 1 16
7 1 13
23 5
1 4 1 3 3 3 2 2 3 4 3 4 2 3 3 1 2 4 3 3 1 2 1
4 1 2
4 0
2 2 4 3
2 2 2 2
2 1 3
3 20
3 3 1
2 1 2
2 4 2 2 1 1
3 0
1 0
2 1 2
3 1 3
1 5 3 1 1 3 2
1 1 3
2 1 2
2 1 3
1 2 2 2
3 3 2 2 3
3 1 3
2 0
2 2 2 3
1 0
3 1 1
2 0
1 1 2
1 2 3 3
3 5
2 1 1
2 1 2
2 2 1 1
2 1 1
1 1 1
1 1 2
1 1
2
2 0
1 4
1
1 0
1 2 1 3
2 0
3 1 2
3 10
2 1 1
1 1 2
1 2 2 1
2 1 1
1 3 1 1 1
1 2 1 2
2 0
1 0
2 2 1 2
1 2 1 1
2 1 1
2 20
19 6
9 2 6 16
15 2 15 10
10 2 1 5
12 1 8
6 2 17 20
2 1 14
5 1 19
19 3 4 3 10
16 3 18 10 17
11 2 8 15
13 4 4 20 2 5
20 2 16 4
8 3 13 7 8
17 1 12
7 2 11 11
18 1 1
3 2 3 18
14 2 20 9
4 1 13
1 1 10
2 20
2 2
3 1 3
2 0
3 1 3
3 0
1 4 3 2 3 2
1 3 3 1 3
3 2 2 2
3 1 1
1 0
3 2 3 2
2 0
3 0
2 1 1
2 1 3
1 1 2
2 2 1 2
1 1 3
1 0
3 0
3 2 1 2
1 1
2
1 3 1 2 3
1 1
2
2 3 1 2 3
1 20
2
1 2 1 3
1 2 2 1
2 0
2 2 1 1
2 1 2
1 1 3
3 2 3 1
3 0
1 2 1 2
3 2 2 1
2 3 1 2 2
2 1 1
1 1 2
3 2 2 2
3 1 2
1 0
1 0
2 1 2
1 2 3 3
2 0
