100
1 484
1 2
841 928
1 104
28 403
1 121
132 286
21 485
1 221
3 5
1 5
21 221
9 121
1 1000
551 907
483 484
1 302
1 4
211 446
104 757
3 10
4 6
908 971
384 742
303 485
415 579
1 9
8 485
280 742
325 590
228 327
162 761
21 121
1 10
120 484
72 699
96 119
121 221
120 302
122 1000
1 65
121 484
121 485
19 880
1 101
384 485
128 567
240 394
177 540
396 990
21 742
121 742
74 601
70 957
483 485
8 10
3 65
121 122
1 1
100 1000
8 302
959 969
122 483
3 4
1 122
393 862
410 708
1 109
180 526
65 121
384 484
67 690
4 109
4 10
8 9
568 787
484 742
65 221
572 750
797 961
8 109
3 9
120 221
126 473
1 485
65 584
89 339
9 65
78 243
8 121
100 388
273 920
706 844
1 6
4 104
3 484
10 120
131 862
121 584
36 257
