100
1 0 0
369147 224 634
191850 91 527
18 4 2
991170 -7846 0
296707 8464 10000
35244 0 266
123268 0 204
994990 8684 0
1000000 -2838 0
153 6 12
271173 502 0
998530 -8124 0
247455 0 704
997390 9909 5047
6902 0 118
98094 -2270 0
286902 0 758
908090 -1262 0
19 -3 3
914408 0 9502
1 4 6
189391 -301 313
6 0 2
19 2 0
116600 418 0
881241 -1146 182
75283 -152 236
695601 3093 9559
41322 20 266
62344 2900 8358
996494 265 323
1000000 1414 0
1000000 122 0
184663 -466 142
364054 852 0
5 2 0
285842 461 5341
997832 -442 0
991470 -1408 0
934981 9554 1758
159407 -564 0
224139 -477 193
15049 131 41
3 0 0
151993 -184 366
456513 29 845
68547 52 230
657598 -948 0
252390 2390 0
746026 -529 691
999367 -1414 0
795233 8442 2124
759163 8022 4698
214623 131 11
187183 -236 0
6 -1 1
640882 0 246
83114 408 0
307090 -31 753
532433 6786 2232
487577 0 988
810900 0 1274
349029 0 836
742524 -508 0
208334 0 646
704461 156 304
807443 10000 10000
8 -4 0
376279 868 0
178312 10000 9444
39234 228 0
400961 896 0
623755 -1116 0
324416 806 0
988134 0 1290
173297 7438 7698
5 -4 0
464661 406 558
466148 -210 756
315170 293 501
664190 9250 0
14 -1 3
266086 730 0
428530 926 0
189537 -10000 10000
780624 0 1250
262641 -549 175
136459 31 491
992628 6626 0
20758 -204 0
713133 -7158 0
362527 -852 0
343249 47 651
133902 0 518
19 -4 2
1000000 1414 0
434516 -10000 9472
30626 51 195
172716 0 36
