100
10 -2 2
12 4 0
18 9437 915
20 -4 2
6 0 2
13 2 0
6 0 0
20 7912 0
8 -4 0
19 5 1
5 0 4
10 -4 0
10 0 0
19 2 0
5 -2 0
6 1670 1128
17 0 5900
10 -4 0
4 0 2
14 0 0
4 0 2
5 -4 0
2 -2 0
16 6 0
5 -1 1
15 0 4
3 0 0
5 0 4
6 0 2
17 2 0
1 0 2
6 -2 2
5 2 0
1 0 2
10 -4254 0
19 -4 2
2 0 0
8 1594 0
5 0 5186
17 -6 0
18 0 0
20 -6 0
13 155 9173
18 0 0
20 3851 3433
3 -1 1
19 0 794
13 0 0
15 -6 0
11 0 2
14 2114 0
11 2 0
19 0 0
11 -3964 0
20 2 2
6 1 1
8 -4 0
1 -1 1
15 2 2
8 -3 1
12 3 1
19 -3 3
11 0 9432
7 9624 0
1 4941 1981
16 6 0
2 0 2
7 -4 0
14 -1 3
2 2 0
6 -1 1
17 0 0
9 -4 0
13 0 4
20 0 0
3 -2 0
16 9914 5426
13 -1 3
2 -2 0
16 -2 0
1 -8746 0
12 -1 1
6 3 1
16 0 2
7 9537 7261
1 4 6
20 4 0
15 0 0
16 -2 0
1 0 0
19 0 0
9 -1 1
5 0 2
18 4 2
1 0 2
9 3 1
9 3644 4194
4 0 2
20 -1 1
8 0 4
