100
910062006
1449613541
1999999985
444322222
1605814285
1999999992
1193741318
1016518317
1570752061
1999999995
1177572005
308200077
800561938
103
1999999989
1376932921
1535334186
1000875506
1999999991
1184485437
1155744626
1809415844
75225234
1995422805
1562234411
209877672
276560520
1999999988
1064277706
1225400731
1109957771
1894509466
1011977351
1191967198
1365380858
368818964
1611433491
1540548799
546776723
205
203
1865363233
1480436753
1477014138
330356541
1073741824
1999999994
1123049112
1065829044
1317056443
1284145748
1260829455
1329765563
1661296617
1023
1795024971
1999999984
1544963801
936105644
365921634
861924427
955677912
1230910728
1051461600
1073741823
1514881215
1999999986
1999999990
587767441
104
1918517182
1999999999
410638565
32769
1598846451
1095316023
590464207
204
1999999993
1731301533
1999999983
1999999996
1999999981
1737629019
105
1999999982
2000000000
903179180
1813833154
1736284618
736875403
1791276241
1543660610
1880802833
1999999997
1526692805
1999999987
1746961562
1999999998
526886908
