100
0 1
-104609 236531
18734 593137
-141896 959210
-553166 790919
-918500 -541191
568519 338011
-1 0
-300435 0
-335883 700838
-789232 -278017
937083 -418294
0 -499272
695610 0
206177 -595861
-734376 -749995
-986123 -167527
508663 -54653
-799248 -767292
-69356 973333
369371 -837806
154128 585659
-525514 995018
-44524 -517980
-403533 -50618
-518709 173618
866320 195776
-2 -2
-562578 883289
752050 0
-649001 -664088
-765356 -498765
674184 132957
289437 61027
607918 770729
0 48110
1 1
210786 419448
-2 1
-48591 27387
344917 -112753
0 -270919
883207 235906
-540804 195411
-923078 -898491
80212 492132
601213 939303
-544560 57741
-250673 -791219
394428 0
-969646 -247381
-732251 -884228
1 -1
-213515 -691629
568520 338011
605617 -998191
-1 1
-806676 347447
-657151 -21923
-991347 337508
-369189 625375
290450 869990
-710467 -275843
-2 0
180855 -746303
-781144 -224585
118651 -915976
-942065 452452
-106632 5342
1000000 1000000
219172 -623916
-401186 -559960
-218618 -906124
-156576 -211228
-939281 -825353
1 -2
958749 -203705
-2 -1
-692286 873650
-885930 -45934
1 0
765839 387926
675946 50125
0 -1
-140561 551926
0 -2
-507122 -987494
695609 0
-458149 -878559
-664337 -445042
-602202 15567
-645946 -511637
-1 -1
-448416 -58506
-1000000 -1000000
-1 -2
969913 -410743
-119225 245009
818246 313820
277158 -716083
