100
5 1 3
1 2 3
5 1 3
1 3 2
5 1 3
2 1 3
5 1 3
2 3 1
5 1 3
3 1 2
5 1 3
3 2 1
2 1 3
3 1 3
3 1 5
1 2 3 2 1
3 1 5
3 2 1 2 3
5 1 1
2
5 5 10
10 10 10 10 10 10 10 10 10 10
5 1 10
10 1 10 1 10 1 10 1 10 1
5 1 10
1 10 1 10 1 10 1 10 1 10
5 1 10
1 2 3 4 5 6 7 8 9 10
5 1 10
10 9 8 7 6 5 4 3 2 1
5 1 10
1 10 2 9 3 8 4 7 5 6
5 1 10
10 1 9 2 8 3 7 4 6 5
2 2 1
9
5 2 1
2
3 3 1
7
1 1 1
2
3 1 1
7
3 3 1
8
1 1 1
1
3 2 1
8
5 1 1
5
1 1 1
1
3 3 1
3
3 1 1
3
2 1 1
3
1 1 1
9
3 3 1
3
3 3 1
8
1 1 1
2
3 2 1
1
3 2 1
3
5 2 1
2
4 2 1
4
2 2 1
9
4 3 1
7
3 1 1
10
3 3 1
7
2 1 1
8
3 3 1
1
4 3 1
8
2 1 1
1
5 2 1
10
1 1 1
10
2 1 1
2
2 1 1
8
1 1 1
10
4 3 1
10
4 4 1
1
2 1 1
2
3 3 1
2
1 1 1
3
2 1 1
4
1 1 1
9
1 1 1
2
2 1 1
4
3 2 1
9
3 2 1
5
4 2 1
9
1 1 1
7
4 1 1
4
2 1 1
3
3 3 1
3
5 5 1
3
5 4 1
4
5 5 1
4
4 2 1
6
1 1 1
3
1 1 1
10
5 5 1
2
3 2 1
10
4 2 1
9
1 1 1
5
2 2 1
2
5 4 1
7
5 2 1
1
2 1 1
1
1 1 1
6
3 1 1
4
5 1 1
6
1 1 1
4
5 3 1
5
4 4 1
3
3 3 1
4
5 4 1
1
3 5 1
9
5 5 1
10
5 1 2
10 4
5 1 2
10 5
5 2 2
6 10
5 2 3
3 7 10
5 2 4
10 10 2 1
5 3 5
10 3 10 9 6
5 1 6
3 5 2 5 3 10
5 2 7
10 10 10 6 1 3 2
5 3 10
5 3 3 9 10 8 6 1 6 3
