20
2
0 3 0 2 10 2 3 -2
10 3 2 3 8 7 2 0
3
2 1 0 5 10 2 4 0
0 3 0 2 7 1 1 2
3 3 0 5 1 1 2 0
2
3 2 0 2 9 2 3 0
6 1 1 4 6 3 -1 -2
6
3414 2 -25 61 326 54788 -7 61
181452 8 -10 3 6717 12710 2 -498
223505 8 -62 77 280 13242 5 595
101271 3 -16 37 8692 213187 -4 -883
265384 8 -81 89 3249 13934 -5 -37
197549 4 -3 78 2761 22851 -10 560
7
317 8 17 21 1000000 59872 5 100000
419421 1 21 22 324455 59872 1 -30993
359549 2 50 51 390820 59872 0 -18659
60189 7 50 51 276352 59872 0 31787
419421 1 50 51 307591 59872 0 10826
419421 1 50 51 492473 59872 0 45464
419421 1 50 51 319158 59872 0 -47232
9
115062 8 -31 -30 374777 1618 1 -13813
63135 2 15 16 390523 472688 0 43515
7179 6 -31 -24 1000000 266 8 100000
131597 5 15 16 287685 34241 0 9237
10095 2 15 16 481162 448794 0 19712
26781 9 15 16 468224 5725 0 22779
214 2 15 16 458756 146715 0 -16956
9868 5 15 16 151256 6356 0 -19493
28057 9 15 16 454068 4332 0 19514
10
4160 10 -80 59 943825 15905 -1 -72943
59327 10 -48 -45 334857 39048 0 46838
37362 10 -52 62 867048 1520 4 -75631
19760 10 18 76 635358 67114 2 -22126
73328 10 -35 -20 686604 29496 0 -16337
87783 10 -91 -57 721659 3150 -8 -41274
15412 10 -91 67 720495 51102 1 -15177
14327 10 -93 93 434533 62398 5 26503
218157 10 -93 71 319678 47509 8 83077
13011 10 -64 -57 545519 2268 -9 95730
10
88496 10 -100 -75 756253 7838 9 -31651
88496 10 72 83 26985 7838 7 43890
88496 10 -27 76 820308 7838 -1 -78636
88496 10 28 94 551135 7838 -1 -16659
88496 10 -19 70 424695 7838 9 7288
88496 10 43 47 437993 7838 -8 54734
88496 10 -8 31 216377 7838 3 -9124
88496 10 7 94 74802 7838 4 -5015
88496 10 -19 0 991771 7838 4 -27221
88496 10 14 74 867000 7838 -7 10363
10
138820 10 -5 66 761315 9773 -10 59414
138820 10 -54 27 769171 9773 2 -21230
138820 10 10 42 669876 9773 3 -37791
138820 10 8 50 997589 9773 0 -54885
138820 10 73 97 710636 9773 -4 -51812
138820 10 57 71 527039 9773 -3 63669
138820 10 -54 -39 813773 9773 9 -80889
138820 10 -98 35 136003 9773 -3 72227
138820 10 -44 2 133756 9773 8 30210
138820 10 -60 61 394656 9773 10 -38113
10
122609 10 -63 67 924393 5685 0 67457
249854 10 -64 -12 73100 7126 8 39347
117659 10 -84 -12 764990 7852 -7 91011
227871 10 -1 36 819187 39055 -4 -4675
60713 10 -28 -14 330988 54821 10 82486
16562 10 -45 94 907427 38695 -2 18507
10453 10 33 34 222727 29035 1 36616
67899 10 -85 3 595467 6872 7 -25675
95263 10 -74 59 571331 7163 8 89543
16737 10 -83 -77 420785 13529 0 90902
10
48890 10 7 51 458767 8850 8 49279
48890 10 7 51 846005 8850 2 68066
48890 10 7 51 625039 8850 4 -51382
48890 10 7 51 859216 8850 -2 -62865
48890 10 7 51 987147 8850 -8 -58144
48890 10 7 51 992393 8850 4 -25019
48890 10 7 51 128554 8850 1 49408
48890 10 7 51 715456 8850 1 -59373
48890 10 7 51 367074 8850 4 63172
48890 10 7 51 340922 8850 1 62939
6
2130 9 -54 -9 9159 4572 -2 -632
45465 9 -39 -33 8449 21393 0 -381
337089 8 -50 43 9443 28758 1 -509
295531 1 -5 3 8506 2545 -6 986
29612 7 -2 15 3362 62613 -10 -533
88571 2 -61 73 5618 289657 -7 142
9
82049 6 -13 95 8009 42805 -7 410
146770 7 -1 46 4315 35826 -5 979
38218 3 -82 -60 2620 79973 8 -191
33417 7 -89 11 9050 8509 4 -991
487292 5 -14 -3 7286 10036 -7 968
63380 1 -3 22 889 4222 9 0
88273 1 -75 32 9359 4950 -1 -316
96522 4 -18 54 6816 5598 -9 -904
6804 9 41 44 7226 57728 -3 981
2
223049 9 19 76 9443 18967 2 168
2191 8 5 15 8312 21399 -7 381
8
12281 7 14 65 7381 10093 -6 -492
130039 2 -81 -28 6111 388809 5 851
2507 8 -14 19 8585 1798 -4 251
57731 5 0 60 8990 14343 5 880
342 3 -86 -41 4400 15597 -8 -758
13737 3 -36 72 3182 24156 7 -51
29158 4 -59 -41 5260 8256 -5 -133
31104 5 -88 -65 3289 70775 9 839
9
38795 8 -52 79 1903 18586 -10 583
49465 8 -92 53 6499 9475 7 -374
30487 6 -30 -27 3351 122225 -1 559
16833 5 -61 64 6417 16739 1 915
3151 3 -94 -69 9812 281146 2 521
18186 6 2 35 4789 15426 6 196
21618 8 73 94 6984 5259 -4 -995
166741 4 2 31 9399 79646 2 -599
124410 6 -31 -3 2392 28365 -6 136
1
357906 8 0 15 5202 3645 6 600
10
31210 4 -50 18 9648 67724 8 -561
11184 3 -66 56 6307 35236 -9 -261
36606 3 -74 -67 8200 53307 9 272
260834 10 4 62 6844 1033 7 -228
175937 10 -69 -37 7705 16098 1 -789
88333 7 -97 -43 9473 53374 -1 125
137650 9 -15 64 8482 6793 -9 253
21298 6 -16 91 6031 88839 -1 -308
37721 9 -86 -40 6048 26647 0 902
243321 10 -4 66 4956 32815 10 910
4
111007 4 -46 86 8941 32721 10 47
49024 2 -39 -25 5222 254743 -10 768
6431 2 51 62 1401 10893 5 -11
408237 1 -92 -57 407 1001 -1 -397
1
34651 3 -33 -14 4734 19596 -10 -23
